91
1 0 0
0 0 1
1 6.63694e+06 0
2 0 0
0 0 1
1 5.69287e+06 0
3 0 0
0 0 1
1 4.67401e+06 0
4 0 0
0 0 1
1 3.71498e+06 0
5 0 0
0 0 1
1 2.91202e+06 0
6 0 0
0 0 1
1 2.29172e+06 0
7 0 0
0 0 1
1 1.82953e+06 0
8 0 0
0 0 1
1 1.48774e+06 0
9 0 0
0 0 1
1 1.2346e+06 0
10 0 0
0 0 1
1 1.04362e+06 0
11 0 0
0 0 1
1 893014 0
12 0 0
0 0 1
1 769637 0
13 0 0
0 0 1
1 667552 0
14 0 0
0 0 1
1 581810 0
15 0 0
0 0 1
1 507235 0
16 0 0
0 0 1
1 442181 0
17 0 0
0 0 1
1 388250 0
18 0 0
0 0 1
1 345253 0
19 0 0
0 0 1
1 309838 0
20 0 0
0 0 1
1 279610 0
21 0 0
0 0 1
1 255226 0
22 0 0
0 0 1
1 237315 0
23 0 0
0 0 1
1 224069 0
24 0 0
0 0 1
1 213324 0
25 0 0
0 0 1
1 205085 0
26 0 0
0 0 1
1 200634 0
27 0 0
0 0 1
1 200448 0
28 0 0
0 0 1
1 204085 0
29 0 0
0 0 1
1 211037 0
30 0 0
0 0 1
1 220537 0
-1 0 0
