91
1 0 0
0 0 1
1 6.57209e+06 0
2 0 0
0 0 1
1 5.51125e+06 0
3 0 0
0 0 1
1 4.4364e+06 0
4 0 0
0 0 1
1 3.5323e+06 0
5 0 0
0 0 1
1 2.84632e+06 0
6 0 0
0 0 1
1 2.33146e+06 0
7 0 0
0 0 1
1 1.94258e+06 0
8 0 0
0 0 1
1 1.65757e+06 0
9 0 0
0 0 1
1 1.44702e+06 0
10 0 0
0 0 1
1 1.27562e+06 0
11 0 0
0 0 1
1 1.12831e+06 0
12 0 0
0 0 1
1 1.00672e+06 0
13 0 0
0 0 1
1 905454 0
14 0 0
0 0 1
1 812965 0
15 0 0
0 0 1
1 729127 0
16 0 0
0 0 1
1 661715 0
17 0 0
0 0 1
1 608899 0
18 0 0
0 0 1
1 561448 0
19 0 0
0 0 1
1 518457 0
20 0 0
0 0 1
1 485864 0
21 0 0
0 0 1
1 462223 0
22 0 0
0 0 1
1 439797 0
23 0 0
0 0 1
1 417853 0
24 0 0
0 0 1
1 402462 0
25 0 0
0 0 1
1 394239 0
26 0 0
0 0 1
1 387422 0
27 0 0
0 0 1
1 380455 0
28 0 0
0 0 1
1 377668 0
29 0 0
0 0 1
1 380826 0
30 0 0
0 0 1
1 387423 0
-1 0 0
