91
1 0 0
0 0 1
1 6.93821e+06 0
2 0 0
0 0 1
1 6.16836e+06 0
3 0 0
0 0 1
1 5.38562e+06 0
4 0 0
0 0 1
1 4.57674e+06 0
5 0 0
0 0 1
1 3.74145e+06 0
6 0 0
0 0 1
1 2.96598e+06 0
7 0 0
0 0 1
1 2.34579e+06 0
8 0 0
0 0 1
1 1.89528e+06 0
9 0 0
0 0 1
1 1.56647e+06 0
10 0 0
0 0 1
1 1.31797e+06 0
11 0 0
0 0 1
1 1.13182e+06 0
12 0 0
0 0 1
1 989898 0
13 0 0
0 0 1
1 872063 0
14 0 0
0 0 1
1 772038 0
15 0 0
0 0 1
1 692391 0
16 0 0
0 0 1
1 627805 0
17 0 0
0 0 1
1 568542 0
18 0 0
0 0 1
1 514499 0
19 0 0
0 0 1
1 471642 0
20 0 0
0 0 1
1 438818 0
21 0 0
0 0 1
1 409637 0
22 0 0
0 0 1
1 383278 0
23 0 0
0 0 1
1 363261 0
24 0 0
0 0 1
1 349025 0
25 0 0
0 0 1
1 337539 0
26 0 0
0 0 1
1 330088 0
27 0 0
0 0 1
1 329777 0
28 0 0
0 0 1
1 335078 0
29 0 0
0 0 1
1 341948 0
30 0 0
0 0 1
1 349087 0
-1 0 0
