91
1 0 0
0 0 1
1 7.21118e+06 0
2 0 0
0 0 1
1 6.20989e+06 0
3 0 0
0 0 1
1 5.13455e+06 0
4 0 0
0 0 1
1 4.14944e+06 0
5 0 0
0 0 1
1 3.33744e+06 0
6 0 0
0 0 1
1 2.71012e+06 0
7 0 0
0 0 1
1 2.2438e+06 0
8 0 0
0 0 1
1 1.89966e+06 0
9 0 0
0 0 1
1 1.63726e+06 0
10 0 0
0 0 1
1 1.42916e+06 0
11 0 0
0 0 1
1 1.26256e+06 0
12 0 0
0 0 1
1 1.12782e+06 0
13 0 0
0 0 1
1 1.01373e+06 0
14 0 0
0 0 1
1 914153 0
15 0 0
0 0 1
1 829607 0
16 0 0
0 0 1
1 759206 0
17 0 0
0 0 1
1 697963 0
18 0 0
0 0 1
1 643490 0
19 0 0
0 0 1
1 598284 0
20 0 0
0 0 1
1 563043 0
21 0 0
0 0 1
1 533809 0
22 0 0
0 0 1
1 507976 0
23 0 0
0 0 1
1 487590 0
24 0 0
0 0 1
1 474314 0
25 0 0
0 0 1
1 466062 0
26 0 0
0 0 1
1 461062 0
27 0 0
0 0 1
1 460874 0
28 0 0
0 0 1
1 466819 0
29 0 0
0 0 1
1 476831 0
30 0 0
0 0 1
1 487642 0
-1 0 0
