91
1 0 0
0 0 1
1 5.83063e+06 0
2 0 0
0 0 1
1 5.25092e+06 0
3 0 0
0 0 1
1 4.75707e+06 0
4 0 0
0 0 1
1 4.3373e+06 0
5 0 0
0 0 1
1 3.95532e+06 0
6 0 0
0 0 1
1 3.59471e+06 0
7 0 0
0 0 1
1 3.25141e+06 0
8 0 0
0 0 1
1 2.91718e+06 0
9 0 0
0 0 1
1 2.58862e+06 0
10 0 0
0 0 1
1 2.27637e+06 0
11 0 0
0 0 1
1 1.99229e+06 0
12 0 0
0 0 1
1 1.73726e+06 0
13 0 0
0 0 1
1 1.50929e+06 0
14 0 0
0 0 1
1 1.31236e+06 0
15 0 0
0 0 1
1 1.14869e+06 0
16 0 0
0 0 1
1 1.0111e+06 0
17 0 0
0 0 1
1 890952 0
18 0 0
0 0 1
1 787185 0
19 0 0
0 0 1
1 700964 0
20 0 0
0 0 1
1 628155 0
21 0 0
0 0 1
1 563531 0
22 0 0
0 0 1
1 507214 0
23 0 0
0 0 1
1 461062 0
24 0 0
0 0 1
1 423044 0
25 0 0
0 0 1
1 390402 0
26 0 0
0 0 1
1 364621 0
27 0 0
0 0 1
1 348590 0
28 0 0
0 0 1
1 341634 0
29 0 0
0 0 1
1 340647 0
30 0 0
0 0 1
1 342958 0
-1 0 0
