91
1 0 0
0 0 1
1 5.45272e+06 0
2 0 0
0 0 1
1 4.98995e+06 0
3 0 0
0 0 1
1 4.47006e+06 0
4 0 0
0 0 1
1 3.9101e+06 0
5 0 0
0 0 1
1 3.35797e+06 0
6 0 0
0 0 1
1 2.86417e+06 0
7 0 0
0 0 1
1 2.44597e+06 0
8 0 0
0 0 1
1 2.09211e+06 0
9 0 0
0 0 1
1 1.79192e+06 0
10 0 0
0 0 1
1 1.54332e+06 0
11 0 0
0 0 1
1 1.33925e+06 0
12 0 0
0 0 1
1 1.16574e+06 0
13 0 0
0 0 1
1 1.01501e+06 0
14 0 0
0 0 1
1 888167 0
15 0 0
0 0 1
1 783872 0
16 0 0
0 0 1
1 695084 0
17 0 0
0 0 1
1 617958 0
18 0 0
0 0 1
1 553998 0
19 0 0
0 0 1
1 501616 0
20 0 0
0 0 1
1 454455 0
21 0 0
0 0 1
1 410341 0
22 0 0
0 0 1
1 373938 0
23 0 0
0 0 1
1 347697 0
24 0 0
0 0 1
1 327184 0
25 0 0
0 0 1
1 308485 0
26 0 0
0 0 1
1 294171 0
27 0 0
0 0 1
1 288294 0
28 0 0
0 0 1
1 290122 0
29 0 0
0 0 1
1 295814 0
30 0 0
0 0 1
1 302127 0
-1 0 0
