91
1 0 0
0 0 1
1 2.89997e+06 0
2 0 0
0 0 1
1 2.51233e+06 0
3 0 0
0 0 1
1 2.15238e+06 0
4 0 0
0 0 1
1 1.83998e+06 0
5 0 0
0 0 1
1 1.57386e+06 0
6 0 0
0 0 1
1 1.34667e+06 0
7 0 0
0 0 1
1 1.15136e+06 0
8 0 0
0 0 1
1 982932 0
9 0 0
0 0 1
1 839180 0
10 0 0
0 0 1
1 718890 0
11 0 0
0 0 1
1 619371 0
12 0 0
0 0 1
1 536711 0
13 0 0
0 0 1
1 467812 0
14 0 0
0 0 1
1 410619 0
15 0 0
0 0 1
1 362826 0
16 0 0
0 0 1
1 321950 0
17 0 0
0 0 1
1 286597 0
18 0 0
0 0 1
1 256445 0
19 0 0
0 0 1
1 231129 0
20 0 0
0 0 1
1 210135 0
21 0 0
0 0 1
1 193406 0
22 0 0
0 0 1
1 180863 0
23 0 0
0 0 1
1 171484 0
24 0 0
0 0 1
1 163953 0
25 0 0
0 0 1
1 158130 0
26 0 0
0 0 1
1 154817 0
27 0 0
0 0 1
1 154012 0
28 0 0
0 0 1
1 154391 0
29 0 0
0 0 1
1 154728 0
30 0 0
0 0 1
1 154996 0
-1 0 0
