91
1 0 0
0 0 1
1 5.5972e+06 0
2 0 0
0 0 1
1 4.7722e+06 0
3 0 0
0 0 1
1 3.98774e+06 0
4 0 0
0 0 1
1 3.31491e+06 0
5 0 0
0 0 1
1 2.75958e+06 0
6 0 0
0 0 1
1 2.30901e+06 0
7 0 0
0 0 1
1 1.9502e+06 0
8 0 0
0 0 1
1 1.66411e+06 0
9 0 0
0 0 1
1 1.42835e+06 0
10 0 0
0 0 1
1 1.22942e+06 0
11 0 0
0 0 1
1 1.06346e+06 0
12 0 0
0 0 1
1 926044 0
13 0 0
0 0 1
1 809497 0
14 0 0
0 0 1
1 709474 0
15 0 0
0 0 1
1 626233 0
16 0 0
0 0 1
1 558575 0
17 0 0
0 0 1
1 502396 0
18 0 0
0 0 1
1 455588 0
19 0 0
0 0 1
1 418834 0
20 0 0
0 0 1
1 390726 0
21 0 0
0 0 1
1 366935 0
22 0 0
0 0 1
1 345234 0
23 0 0
0 0 1
1 327258 0
24 0 0
0 0 1
1 314216 0
25 0 0
0 0 1
1 304526 0
26 0 0
0 0 1
1 296761 0
27 0 0
0 0 1
1 291626 0
28 0 0
0 0 1
1 289753 0
29 0 0
0 0 1
1 290177 0
30 0 0
0 0 1
1 291943 0
-1 0 0
