91
1 0 0
0 0 1
1 6.23599e+06 0
2 0 0
0 0 1
1 5.48696e+06 0
3 0 0
0 0 1
1 4.64774e+06 0
4 0 0
0 0 1
1 3.8204e+06 0
5 0 0
0 0 1
1 3.0888e+06 0
6 0 0
0 0 1
1 2.49675e+06 0
7 0 0
0 0 1
1 2.04412e+06 0
8 0 0
0 0 1
1 1.70384e+06 0
9 0 0
0 0 1
1 1.44513e+06 0
10 0 0
0 0 1
1 1.24507e+06 0
11 0 0
0 0 1
1 1.08734e+06 0
12 0 0
0 0 1
1 958990 0
13 0 0
0 0 1
1 851164 0
14 0 0
0 0 1
1 759677 0
15 0 0
0 0 1
1 682374 0
16 0 0
0 0 1
1 616654 0
17 0 0
0 0 1
1 560027 0
18 0 0
0 0 1
1 511384 0
19 0 0
0 0 1
1 470439 0
20 0 0
0 0 1
1 436410 0
21 0 0
0 0 1
1 407744 0
22 0 0
0 0 1
1 382775 0
23 0 0
0 0 1
1 360637 0
24 0 0
0 0 1
1 341919 0
25 0 0
0 0 1
1 328018 0
26 0 0
0 0 1
1 319235 0
27 0 0
0 0 1
1 314179 0
28 0 0
0 0 1
1 311855 0
29 0 0
0 0 1
1 313362 0
30 0 0
0 0 1
1 320062 0
-1 0 0
