91
1 0 0
0 0 1
1 9.599e+06 0
2 0 0
0 0 1
1 8.32688e+06 0
3 0 0
0 0 1
1 7.13493e+06 0
4 0 0
0 0 1
1 5.95292e+06 0
5 0 0
0 0 1
1 4.74606e+06 0
6 0 0
0 0 1
1 3.65192e+06 0
7 0 0
0 0 1
1 2.81614e+06 0
8 0 0
0 0 1
1 2.23212e+06 0
9 0 0
0 0 1
1 1.80344e+06 0
10 0 0
0 0 1
1 1.47494e+06 0
11 0 0
0 0 1
1 1.23722e+06 0
12 0 0
0 0 1
1 1.06401e+06 0
13 0 0
0 0 1
1 916987 0
14 0 0
0 0 1
1 788377 0
15 0 0
0 0 1
1 689133 0
16 0 0
0 0 1
1 610957 0
17 0 0
0 0 1
1 535823 0
18 0 0
0 0 1
1 467023 0
19 0 0
0 0 1
1 418242 0
20 0 0
0 0 1
1 384123 0
21 0 0
0 0 1
1 349358 0
22 0 0
0 0 1
1 315940 0
23 0 0
0 0 1
1 296058 0
24 0 0
0 0 1
1 287103 0
25 0 0
0 0 1
1 277111 0
26 0 0
0 0 1
1 267885 0
27 0 0
0 0 1
1 271387 0
28 0 0
0 0 1
1 287852 0
29 0 0
0 0 1
1 305437 0
30 0 0
0 0 1
1 317505 0
-1 0 0
