91
1 0 0
0 0 1
1 1.497e+07 0
2 0 0
0 0 1
1 1.27717e+07 0
3 0 0
0 0 1
1 1.06868e+07 0
4 0 0
0 0 1
1 8.89357e+06 0
5 0 0
0 0 1
1 7.39788e+06 0
6 0 0
0 0 1
1 6.16515e+06 0
7 0 0
0 0 1
1 5.1612e+06 0
8 0 0
0 0 1
1 4.34075e+06 0
9 0 0
0 0 1
1 3.66194e+06 0
10 0 0
0 0 1
1 3.10566e+06 0
11 0 0
0 0 1
1 2.65897e+06 0
12 0 0
0 0 1
1 2.29468e+06 0
13 0 0
0 0 1
1 1.98562e+06 0
14 0 0
0 0 1
1 1.72448e+06 0
15 0 0
0 0 1
1 1.51186e+06 0
16 0 0
0 0 1
1 1.33681e+06 0
17 0 0
0 0 1
1 1.18519e+06 0
18 0 0
0 0 1
1 1.05679e+06 0
19 0 0
0 0 1
1 957707 0
20 0 0
0 0 1
1 882192 0
21 0 0
0 0 1
1 816361 0
22 0 0
0 0 1
1 755461 0
23 0 0
0 0 1
1 704989 0
24 0 0
0 0 1
1 667728 0
25 0 0
0 0 1
1 640690 0
26 0 0
0 0 1
1 623416 0
27 0 0
0 0 1
1 619837 0
28 0 0
0 0 1
1 631406 0
29 0 0
0 0 1
1 654392 0
30 0 0
0 0 1
1 683707 0
-1 0 0
