91
1 0 0
0 0 1
1 1.5101e+07 0
2 0 0
0 0 1
1 1.29198e+07 0
3 0 0
0 0 1
1 1.07708e+07 0
4 0 0
0 0 1
1 8.84542e+06 0
5 0 0
0 0 1
1 7.24477e+06 0
6 0 0
0 0 1
1 5.97008e+06 0
7 0 0
0 0 1
1 4.96068e+06 0
8 0 0
0 0 1
1 4.15561e+06 0
9 0 0
0 0 1
1 3.51434e+06 0
10 0 0
0 0 1
1 2.99998e+06 0
11 0 0
0 0 1
1 2.5762e+06 0
12 0 0
0 0 1
1 2.22232e+06 0
13 0 0
0 0 1
1 1.93102e+06 0
14 0 0
0 0 1
1 1.69061e+06 0
15 0 0
0 0 1
1 1.485e+06 0
16 0 0
0 0 1
1 1.30882e+06 0
17 0 0
0 0 1
1 1.16632e+06 0
18 0 0
0 0 1
1 1.05449e+06 0
19 0 0
0 0 1
1 960644 0
20 0 0
0 0 1
1 877011 0
21 0 0
0 0 1
1 805870 0
22 0 0
0 0 1
1 749229 0
23 0 0
0 0 1
1 704070 0
24 0 0
0 0 1
1 669159 0
25 0 0
0 0 1
1 647610 0
26 0 0
0 0 1
1 640837 0
27 0 0
0 0 1
1 646269 0
28 0 0
0 0 1
1 661258 0
29 0 0
0 0 1
1 683681 0
30 0 0
0 0 1
1 709503 0
-1 0 0
