91
1 0 0
0 0 1
1 1.32761e+07 0
2 0 0
0 0 1
1 1.1683e+07 0
3 0 0
0 0 1
1 9.86648e+06 0
4 0 0
0 0 1
1 8.07163e+06 0
5 0 0
0 0 1
1 6.50795e+06 0
6 0 0
0 0 1
1 5.26944e+06 0
7 0 0
0 0 1
1 4.33431e+06 0
8 0 0
0 0 1
1 3.63395e+06 0
9 0 0
0 0 1
1 3.10791e+06 0
10 0 0
0 0 1
1 2.70865e+06 0
11 0 0
0 0 1
1 2.39364e+06 0
12 0 0
0 0 1
1 2.13338e+06 0
13 0 0
0 0 1
1 1.9163e+06 0
14 0 0
0 0 1
1 1.73574e+06 0
15 0 0
0 0 1
1 1.57994e+06 0
16 0 0
0 0 1
1 1.43985e+06 0
17 0 0
0 0 1
1 1.31687e+06 0
18 0 0
0 0 1
1 1.21455e+06 0
19 0 0
0 0 1
1 1.12924e+06 0
20 0 0
0 0 1
1 1.05493e+06 0
21 0 0
0 0 1
1 991093 0
22 0 0
0 0 1
1 939130 0
23 0 0
0 0 1
1 896001 0
24 0 0
0 0 1
1 857812 0
25 0 0
0 0 1
1 826164 0
26 0 0
0 0 1
1 805037 0
27 0 0
0 0 1
1 793990 0
28 0 0
0 0 1
1 789741 0
29 0 0
0 0 1
1 792329 0
30 0 0
0 0 1
1 804354 0
-1 0 0
