91
1 0 0
0 0 1
1 3.60351e+06 0
2 0 0
0 0 1
1 3.13442e+06 0
3 0 0
0 0 1
1 2.62008e+06 0
4 0 0
0 0 1
1 2.12337e+06 0
5 0 0
0 0 1
1 1.70203e+06 0
6 0 0
0 0 1
1 1.38331e+06 0
7 0 0
0 0 1
1 1.15273e+06 0
8 0 0
0 0 1
1 980113 0
9 0 0
0 0 1
1 847755 0
10 0 0
0 0 1
1 748265 0
11 0 0
0 0 1
1 670929 0
12 0 0
0 0 1
1 604387 0
13 0 0
0 0 1
1 545960 0
14 0 0
0 0 1
1 497634 0
15 0 0
0 0 1
1 456946 0
16 0 0
0 0 1
1 419524 0
17 0 0
0 0 1
1 386114 0
18 0 0
0 0 1
1 359513 0
19 0 0
0 0 1
1 337833 0
20 0 0
0 0 1
1 317299 0
21 0 0
0 0 1
1 298694 0
22 0 0
0 0 1
1 284944 0
23 0 0
0 0 1
1 274902 0
24 0 0
0 0 1
1 265160 0
25 0 0
0 0 1
1 255847 0
26 0 0
0 0 1
1 249421 0
27 0 0
0 0 1
1 245568 0
28 0 0
0 0 1
1 242110 0
29 0 0
0 0 1
1 239346 0
30 0 0
0 0 1
1 239077 0
-1 0 0
