91
1 0 0
0 0 1
1 6.41392e+06 0
2 0 0
0 0 1
1 5.43796e+06 0
3 0 0
0 0 1
1 4.41709e+06 0
4 0 0
0 0 1
1 3.52434e+06 0
5 0 0
0 0 1
1 2.8278e+06 0
6 0 0
0 0 1
1 2.30025e+06 0
7 0 0
0 0 1
1 1.89883e+06 0
8 0 0
0 0 1
1 1.60023e+06 0
9 0 0
0 0 1
1 1.38066e+06 0
10 0 0
0 0 1
1 1.20862e+06 0
11 0 0
0 0 1
1 1.06543e+06 0
12 0 0
0 0 1
1 949484 0
13 0 0
0 0 1
1 857032 0
14 0 0
0 0 1
1 776636 0
15 0 0
0 0 1
1 703728 0
16 0 0
0 0 1
1 643566 0
17 0 0
0 0 1
1 596898 0
18 0 0
0 0 1
1 556266 0
19 0 0
0 0 1
1 518377 0
20 0 0
0 0 1
1 487596 0
21 0 0
0 0 1
1 464920 0
22 0 0
0 0 1
1 444642 0
23 0 0
0 0 1
1 424379 0
24 0 0
0 0 1
1 408592 0
25 0 0
0 0 1
1 399829 0
26 0 0
0 0 1
1 394969 0
27 0 0
0 0 1
1 392033 0
28 0 0
0 0 1
1 393039 0
29 0 0
0 0 1
1 398665 0
30 0 0
0 0 1
1 407058 0
-1 0 0
