91
1 0 0
0 0 1
1 8.44528e+06 0
2 0 0
0 0 1
1 7.38173e+06 0
3 0 0
0 0 1
1 6.30377e+06 0
4 0 0
0 0 1
1 5.33626e+06 0
5 0 0
0 0 1
1 4.47495e+06 0
6 0 0
0 0 1
1 3.71646e+06 0
7 0 0
0 0 1
1 3.08223e+06 0
8 0 0
0 0 1
1 2.5689e+06 0
9 0 0
0 0 1
1 2.14516e+06 0
10 0 0
0 0 1
1 1.7929e+06 0
11 0 0
0 0 1
1 1.51282e+06 0
12 0 0
0 0 1
1 1.29489e+06 0
13 0 0
0 0 1
1 1.11601e+06 0
14 0 0
0 0 1
1 965541 0
15 0 0
0 0 1
1 847366 0
16 0 0
0 0 1
1 757219 0
17 0 0
0 0 1
1 679667 0
18 0 0
0 0 1
1 608043 0
19 0 0
0 0 1
1 548477 0
20 0 0
0 0 1
1 502849 0
21 0 0
0 0 1
1 463785 0
22 0 0
0 0 1
1 427769 0
23 0 0
0 0 1
1 398705 0
24 0 0
0 0 1
1 376672 0
25 0 0
0 0 1
1 355732 0
26 0 0
0 0 1
1 334888 0
27 0 0
0 0 1
1 320363 0
28 0 0
0 0 1
1 315290 0
29 0 0
0 0 1
1 316598 0
30 0 0
0 0 1
1 323114 0
-1 0 0
