91
1 0 0
0 0 1
1 7.45039e+06 0
2 0 0
0 0 1
1 6.25498e+06 0
3 0 0
0 0 1
1 5.04667e+06 0
4 0 0
0 0 1
1 3.99593e+06 0
5 0 0
0 0 1
1 3.12216e+06 0
6 0 0
0 0 1
1 2.42158e+06 0
7 0 0
0 0 1
1 1.90281e+06 0
8 0 0
0 0 1
1 1.53924e+06 0
9 0 0
0 0 1
1 1.27145e+06 0
10 0 0
0 0 1
1 1.06224e+06 0
11 0 0
0 0 1
1 906679 0
12 0 0
0 0 1
1 793350 0
13 0 0
0 0 1
1 696247 0
14 0 0
0 0 1
1 605441 0
15 0 0
0 0 1
1 531634 0
16 0 0
0 0 1
1 476958 0
17 0 0
0 0 1
1 428098 0
18 0 0
0 0 1
1 380266 0
19 0 0
0 0 1
1 343085 0
20 0 0
0 0 1
1 319132 0
21 0 0
0 0 1
1 297972 0
22 0 0
0 0 1
1 275189 0
23 0 0
0 0 1
1 258401 0
24 0 0
0 0 1
1 250567 0
25 0 0
0 0 1
1 244246 0
26 0 0
0 0 1
1 236480 0
27 0 0
0 0 1
1 234349 0
28 0 0
0 0 1
1 241661 0
29 0 0
0 0 1
1 253012 0
30 0 0
0 0 1
1 264266 0
-1 0 0
