91
1 0 0
0 0 1
1 3.26921e+06 0
2 0 0
0 0 1
1 2.94755e+06 0
3 0 0
0 0 1
1 2.58993e+06 0
4 0 0
0 0 1
1 2.2212e+06 0
5 0 0
0 0 1
1 1.86626e+06 0
6 0 0
0 0 1
1 1.54428e+06 0
7 0 0
0 0 1
1 1.267e+06 0
8 0 0
0 0 1
1 1.03815e+06 0
9 0 0
0 0 1
1 853882 0
10 0 0
0 0 1
1 706471 0
11 0 0
0 0 1
1 588861 0
12 0 0
0 0 1
1 495579 0
13 0 0
0 0 1
1 421376 0
14 0 0
0 0 1
1 361491 0
15 0 0
0 0 1
1 312849 0
16 0 0
0 0 1
1 273416 0
17 0 0
0 0 1
1 240927 0
18 0 0
0 0 1
1 213570 0
19 0 0
0 0 1
1 191025 0
20 0 0
0 0 1
1 173249 0
21 0 0
0 0 1
1 158833 0
22 0 0
0 0 1
1 146039 0
23 0 0
0 0 1
1 134848 0
24 0 0
0 0 1
1 126477 0
25 0 0
0 0 1
1 121268 0
26 0 0
0 0 1
1 118532 0
27 0 0
0 0 1
1 118144 0
28 0 0
0 0 1
1 120756 0
29 0 0
0 0 1
1 126321 0
30 0 0
0 0 1
1 133481 0
-1 0 0
