91
1 0 0
0 0 1
1 1.32942e+07 0
2 0 0
0 0 1
1 1.14556e+07 0
3 0 0
0 0 1
1 9.57804e+06 0
4 0 0
0 0 1
1 7.8498e+06 0
5 0 0
0 0 1
1 6.38424e+06 0
6 0 0
0 0 1
1 5.22058e+06 0
7 0 0
0 0 1
1 4.32115e+06 0
8 0 0
0 0 1
1 3.61903e+06 0
9 0 0
0 0 1
1 3.06809e+06 0
10 0 0
0 0 1
1 2.63966e+06 0
11 0 0
0 0 1
1 2.29952e+06 0
12 0 0
0 0 1
1 2.01574e+06 0
13 0 0
0 0 1
1 1.77637e+06 0
14 0 0
0 0 1
1 1.57955e+06 0
15 0 0
0 0 1
1 1.41535e+06 0
16 0 0
0 0 1
1 1.27222e+06 0
17 0 0
0 0 1
1 1.1506e+06 0
18 0 0
0 0 1
1 1.05448e+06 0
19 0 0
0 0 1
1 977130 0
20 0 0
0 0 1
1 908112 0
21 0 0
0 0 1
1 847167 0
22 0 0
0 0 1
1 798724 0
23 0 0
0 0 1
1 759097 0
24 0 0
0 0 1
1 721107 0
25 0 0
0 0 1
1 686517 0
26 0 0
0 0 1
1 663013 0
27 0 0
0 0 1
1 652524 0
28 0 0
0 0 1
1 651632 0
29 0 0
0 0 1
1 659821 0
30 0 0
0 0 1
1 678443 0
-1 0 0
