91
1 0 0
0 0 1
1 1.46013e+07 0
2 0 0
0 0 1
1 1.22075e+07 0
3 0 0
0 0 1
1 9.79356e+06 0
4 0 0
0 0 1
1 7.72029e+06 0
5 0 0
0 0 1
1 6.10624e+06 0
6 0 0
0 0 1
1 4.89626e+06 0
7 0 0
0 0 1
1 3.99636e+06 0
8 0 0
0 0 1
1 3.33214e+06 0
9 0 0
0 0 1
1 2.8374e+06 0
10 0 0
0 0 1
1 2.45099e+06 0
11 0 0
0 0 1
1 2.13479e+06 0
12 0 0
0 0 1
1 1.8735e+06 0
13 0 0
0 0 1
1 1.65481e+06 0
14 0 0
0 0 1
1 1.46374e+06 0
15 0 0
0 0 1
1 1.29415e+06 0
16 0 0
0 0 1
1 1.1497e+06 0
17 0 0
0 0 1
1 1.03067e+06 0
18 0 0
0 0 1
1 929841 0
19 0 0
0 0 1
1 842449 0
20 0 0
0 0 1
1 770206 0
21 0 0
0 0 1
1 713791 0
22 0 0
0 0 1
1 669071 0
23 0 0
0 0 1
1 632608 0
24 0 0
0 0 1
1 604541 0
25 0 0
0 0 1
1 584673 0
26 0 0
0 0 1
1 571404 0
27 0 0
0 0 1
1 565759 0
28 0 0
0 0 1
1 571380 0
29 0 0
0 0 1
1 589037 0
30 0 0
0 0 1
1 614917 0
-1 0 0
