91
1 0 0
0 0 1
1 7.90846e+06 0
2 0 0
0 0 1
1 6.88428e+06 0
3 0 0
0 0 1
1 5.82833e+06 0
4 0 0
0 0 1
1 4.84601e+06 0
5 0 0
0 0 1
1 3.97846e+06 0
6 0 0
0 0 1
1 3.23827e+06 0
7 0 0
0 0 1
1 2.63751e+06 0
8 0 0
0 0 1
1 2.17041e+06 0
9 0 0
0 0 1
1 1.80427e+06 0
10 0 0
0 0 1
1 1.50717e+06 0
11 0 0
0 0 1
1 1.26777e+06 0
12 0 0
0 0 1
1 1.07963e+06 0
13 0 0
0 0 1
1 926460 0
14 0 0
0 0 1
1 794715 0
15 0 0
0 0 1
1 685134 0
16 0 0
0 0 1
1 600353 0
17 0 0
0 0 1
1 532834 0
18 0 0
0 0 1
1 474205 0
19 0 0
0 0 1
1 425646 0
20 0 0
0 0 1
1 390007 0
21 0 0
0 0 1
1 362574 0
22 0 0
0 0 1
1 337812 0
23 0 0
0 0 1
1 317701 0
24 0 0
0 0 1
1 306155 0
25 0 0
0 0 1
1 301650 0
26 0 0
0 0 1
1 301512 0
27 0 0
0 0 1
1 307323 0
28 0 0
0 0 1
1 320268 0
29 0 0
0 0 1
1 336334 0
30 0 0
0 0 1
1 350862 0
-1 0 0
