91
1 0 0
0 0 1
1 1.22327e+07 0
2 0 0
0 0 1
1 1.06608e+07 0
3 0 0
0 0 1
1 9.01879e+06 0
4 0 0
0 0 1
1 7.45009e+06 0
5 0 0
0 0 1
1 6.07454e+06 0
6 0 0
0 0 1
1 4.96044e+06 0
7 0 0
0 0 1
1 4.1021e+06 0
8 0 0
0 0 1
1 3.44545e+06 0
9 0 0
0 0 1
1 2.93555e+06 0
10 0 0
0 0 1
1 2.53565e+06 0
11 0 0
0 0 1
1 2.21804e+06 0
12 0 0
0 0 1
1 1.95888e+06 0
13 0 0
0 0 1
1 1.74311e+06 0
14 0 0
0 0 1
1 1.56277e+06 0
15 0 0
0 0 1
1 1.40938e+06 0
16 0 0
0 0 1
1 1.27505e+06 0
17 0 0
0 0 1
1 1.15875e+06 0
18 0 0
0 0 1
1 1.06287e+06 0
19 0 0
0 0 1
1 983936 0
20 0 0
0 0 1
1 914001 0
21 0 0
0 0 1
1 850565 0
22 0 0
0 0 1
1 797861 0
23 0 0
0 0 1
1 758184 0
24 0 0
0 0 1
1 728495 0
25 0 0
0 0 1
1 706180 0
26 0 0
0 0 1
1 691869 0
27 0 0
0 0 1
1 685135 0
28 0 0
0 0 1
1 682678 0
29 0 0
0 0 1
1 682617 0
30 0 0
0 0 1
1 686286 0
-1 0 0
