91
1 0 0
0 0 1
1 7.66776e+06 0
2 0 0
0 0 1
1 6.67242e+06 0
3 0 0
0 0 1
1 5.62167e+06 0
4 0 0
0 0 1
1 4.64222e+06 0
5 0 0
0 0 1
1 3.76111e+06 0
6 0 0
0 0 1
1 2.9919e+06 0
7 0 0
0 0 1
1 2.368e+06 0
8 0 0
0 0 1
1 1.89936e+06 0
9 0 0
0 0 1
1 1.55128e+06 0
10 0 0
0 0 1
1 1.28181e+06 0
11 0 0
0 0 1
1 1.07204e+06 0
12 0 0
0 0 1
1 911538 0
13 0 0
0 0 1
1 781941 0
14 0 0
0 0 1
1 669143 0
15 0 0
0 0 1
1 574001 0
16 0 0
0 0 1
1 499147 0
17 0 0
0 0 1
1 437538 0
18 0 0
0 0 1
1 382225 0
19 0 0
0 0 1
1 335667 0
20 0 0
0 0 1
1 301070 0
21 0 0
0 0 1
1 273746 0
22 0 0
0 0 1
1 248063 0
23 0 0
0 0 1
1 225273 0
24 0 0
0 0 1
1 208655 0
25 0 0
0 0 1
1 197600 0
26 0 0
0 0 1
1 191140 0
27 0 0
0 0 1
1 191039 0
28 0 0
0 0 1
1 197380 0
29 0 0
0 0 1
1 206800 0
30 0 0
0 0 1
1 217959 0
-1 0 0
