91
1 0 0
0 0 1
1 6.48337e+06 0
2 0 0
0 0 1
1 5.67908e+06 0
3 0 0
0 0 1
1 4.79421e+06 0
4 0 0
0 0 1
1 3.94804e+06 0
5 0 0
0 0 1
1 3.217e+06 0
6 0 0
0 0 1
1 2.62235e+06 0
7 0 0
0 0 1
1 2.15283e+06 0
8 0 0
0 0 1
1 1.78841e+06 0
9 0 0
0 0 1
1 1.50754e+06 0
10 0 0
0 0 1
1 1.2884e+06 0
11 0 0
0 0 1
1 1.1134e+06 0
12 0 0
0 0 1
1 971569 0
13 0 0
0 0 1
1 855390 0
14 0 0
0 0 1
1 758328 0
15 0 0
0 0 1
1 676103 0
16 0 0
0 0 1
1 606736 0
17 0 0
0 0 1
1 547937 0
18 0 0
0 0 1
1 496788 0
19 0 0
0 0 1
1 452269 0
20 0 0
0 0 1
1 415198 0
21 0 0
0 0 1
1 385202 0
22 0 0
0 0 1
1 360387 0
23 0 0
0 0 1
1 340062 0
24 0 0
0 0 1
1 324915 0
25 0 0
0 0 1
1 314334 0
26 0 0
0 0 1
1 306592 0
27 0 0
0 0 1
1 301902 0
28 0 0
0 0 1
1 302013 0
29 0 0
0 0 1
1 306343 0
30 0 0
0 0 1
1 311710 0
-1 0 0
