91
1 0 0
0 0 1
1 5.81577e+06 0
2 0 0
0 0 1
1 5.31097e+06 0
3 0 0
0 0 1
1 4.79343e+06 0
4 0 0
0 0 1
1 4.23336e+06 0
5 0 0
0 0 1
1 3.64341e+06 0
6 0 0
0 0 1
1 3.06814e+06 0
7 0 0
0 0 1
1 2.55018e+06 0
8 0 0
0 0 1
1 2.11146e+06 0
9 0 0
0 0 1
1 1.7528e+06 0
10 0 0
0 0 1
1 1.46252e+06 0
11 0 0
0 0 1
1 1.22742e+06 0
12 0 0
0 0 1
1 1.03878e+06 0
13 0 0
0 0 1
1 889419 0
14 0 0
0 0 1
1 769937 0
15 0 0
0 0 1
1 671801 0
16 0 0
0 0 1
1 591444 0
17 0 0
0 0 1
1 527377 0
18 0 0
0 0 1
1 475650 0
19 0 0
0 0 1
1 431983 0
20 0 0
0 0 1
1 395886 0
21 0 0
0 0 1
1 368325 0
22 0 0
0 0 1
1 347056 0
23 0 0
0 0 1
1 328508 0
24 0 0
0 0 1
1 313073 0
25 0 0
0 0 1
1 304516 0
26 0 0
0 0 1
1 304573 0
27 0 0
0 0 1
1 311213 0
28 0 0
0 0 1
1 321530 0
29 0 0
0 0 1
1 333366 0
30 0 0
0 0 1
1 344535 0
-1 0 0
