91
1 0 0
0 0 1
1 7.40429e+06 0
2 0 0
0 0 1
1 6.49472e+06 0
3 0 0
0 0 1
1 5.5203e+06 0
4 0 0
0 0 1
1 4.60552e+06 0
5 0 0
0 0 1
1 3.80493e+06 0
6 0 0
0 0 1
1 3.12956e+06 0
7 0 0
0 0 1
1 2.57567e+06 0
8 0 0
0 0 1
1 2.13018e+06 0
9 0 0
0 0 1
1 1.77388e+06 0
10 0 0
0 0 1
1 1.49031e+06 0
11 0 0
0 0 1
1 1.26688e+06 0
12 0 0
0 0 1
1 1.08932e+06 0
13 0 0
0 0 1
1 943482 0
14 0 0
0 0 1
1 822422 0
15 0 0
0 0 1
1 724945 0
16 0 0
0 0 1
1 647531 0
17 0 0
0 0 1
1 583469 0
18 0 0
0 0 1
1 528900 0
19 0 0
0 0 1
1 483703 0
20 0 0
0 0 1
1 446697 0
21 0 0
0 0 1
1 415164 0
22 0 0
0 0 1
1 388923 0
23 0 0
0 0 1
1 369946 0
24 0 0
0 0 1
1 357891 0
25 0 0
0 0 1
1 350352 0
26 0 0
0 0 1
1 347521 0
27 0 0
0 0 1
1 352150 0
28 0 0
0 0 1
1 364092 0
29 0 0
0 0 1
1 378441 0
30 0 0
0 0 1
1 389921 0
-1 0 0
