91
1 0 0
0 0 1
1 1.28044e+07 0
2 0 0
0 0 1
1 1.11236e+07 0
3 0 0
0 0 1
1 9.35002e+06 0
4 0 0
0 0 1
1 7.66523e+06 0
5 0 0
0 0 1
1 6.17907e+06 0
6 0 0
0 0 1
1 4.94643e+06 0
7 0 0
0 0 1
1 3.97437e+06 0
8 0 0
0 0 1
1 3.22832e+06 0
9 0 0
0 0 1
1 2.6541e+06 0
10 0 0
0 0 1
1 2.20325e+06 0
11 0 0
0 0 1
1 1.84234e+06 0
12 0 0
0 0 1
1 1.5498e+06 0
13 0 0
0 0 1
1 1.31233e+06 0
14 0 0
0 0 1
1 1.12125e+06 0
15 0 0
0 0 1
1 967541 0
16 0 0
0 0 1
1 841426 0
17 0 0
0 0 1
1 736917 0
18 0 0
0 0 1
1 652428 0
19 0 0
0 0 1
1 585371 0
20 0 0
0 0 1
1 530418 0
21 0 0
0 0 1
1 484412 0
22 0 0
0 0 1
1 448403 0
23 0 0
0 0 1
1 422965 0
24 0 0
0 0 1
1 405731 0
25 0 0
0 0 1
1 395350 0
26 0 0
0 0 1
1 393695 0
27 0 0
0 0 1
1 402036 0
28 0 0
0 0 1
1 418622 0
29 0 0
0 0 1
1 441572 0
30 0 0
0 0 1
1 470069 0
-1 0 0
