91
1 0 0
0 0 1
1 1.37084e+07 0
2 0 0
0 0 1
1 1.15279e+07 0
3 0 0
0 0 1
1 9.42472e+06 0
4 0 0
0 0 1
1 7.59316e+06 0
5 0 0
0 0 1
1 6.09469e+06 0
6 0 0
0 0 1
1 4.92098e+06 0
7 0 0
0 0 1
1 4.02046e+06 0
8 0 0
0 0 1
1 3.3286e+06 0
9 0 0
0 0 1
1 2.79683e+06 0
10 0 0
0 0 1
1 2.39066e+06 0
11 0 0
0 0 1
1 2.07405e+06 0
12 0 0
0 0 1
1 1.81444e+06 0
13 0 0
0 0 1
1 1.59717e+06 0
14 0 0
0 0 1
1 1.41924e+06 0
15 0 0
0 0 1
1 1.27229e+06 0
16 0 0
0 0 1
1 1.14375e+06 0
17 0 0
0 0 1
1 1.03014e+06 0
18 0 0
0 0 1
1 936380 0
19 0 0
0 0 1
1 862775 0
20 0 0
0 0 1
1 802728 0
21 0 0
0 0 1
1 751999 0
22 0 0
0 0 1
1 711107 0
23 0 0
0 0 1
1 678757 0
24 0 0
0 0 1
1 650713 0
25 0 0
0 0 1
1 625979 0
26 0 0
0 0 1
1 608292 0
27 0 0
0 0 1
1 600674 0
28 0 0
0 0 1
1 602431 0
29 0 0
0 0 1
1 611478 0
30 0 0
0 0 1
1 626609 0
-1 0 0
