91
1 0 0
0 0 1
1 1.22352e+07 0
2 0 0
0 0 1
1 1.07985e+07 0
3 0 0
0 0 1
1 9.36199e+06 0
4 0 0
0 0 1
1 8.00714e+06 0
5 0 0
0 0 1
1 6.7622e+06 0
6 0 0
0 0 1
1 5.66288e+06 0
7 0 0
0 0 1
1 4.72422e+06 0
8 0 0
0 0 1
1 3.91877e+06 0
9 0 0
0 0 1
1 3.22048e+06 0
10 0 0
0 0 1
1 2.63635e+06 0
11 0 0
0 0 1
1 2.173e+06 0
12 0 0
0 0 1
1 1.80589e+06 0
13 0 0
0 0 1
1 1.50492e+06 0
14 0 0
0 0 1
1 1.26339e+06 0
15 0 0
0 0 1
1 1.08022e+06 0
16 0 0
0 0 1
1 936743 0
17 0 0
0 0 1
1 812601 0
18 0 0
0 0 1
1 706969 0
19 0 0
0 0 1
1 625282 0
20 0 0
0 0 1
1 560244 0
21 0 0
0 0 1
1 502561 0
22 0 0
0 0 1
1 456584 0
23 0 0
0 0 1
1 429067 0
24 0 0
0 0 1
1 413494 0
25 0 0
0 0 1
1 399944 0
26 0 0
0 0 1
1 390916 0
27 0 0
0 0 1
1 394579 0
28 0 0
0 0 1
1 410676 0
29 0 0
0 0 1
1 433971 0
30 0 0
0 0 1
1 463020 0
-1 0 0
