91
1 0 0
0 0 1
1 7.87051e+06 0
2 0 0
0 0 1
1 7.04462e+06 0
3 0 0
0 0 1
1 6.18341e+06 0
4 0 0
0 0 1
1 5.19576e+06 0
5 0 0
0 0 1
1 4.15812e+06 0
6 0 0
0 0 1
1 3.24309e+06 0
7 0 0
0 0 1
1 2.54114e+06 0
8 0 0
0 0 1
1 2.02325e+06 0
9 0 0
0 0 1
1 1.63395e+06 0
10 0 0
0 0 1
1 1.34598e+06 0
11 0 0
0 0 1
1 1.13593e+06 0
12 0 0
0 0 1
1 970061 0
13 0 0
0 0 1
1 829046 0
14 0 0
0 0 1
1 714412 0
15 0 0
0 0 1
1 624095 0
16 0 0
0 0 1
1 545127 0
17 0 0
0 0 1
1 472319 0
18 0 0
0 0 1
1 412062 0
19 0 0
0 0 1
1 365026 0
20 0 0
0 0 1
1 323168 0
21 0 0
0 0 1
1 284991 0
22 0 0
0 0 1
1 257014 0
23 0 0
0 0 1
1 238949 0
24 0 0
0 0 1
1 222524 0
25 0 0
0 0 1
1 205913 0
26 0 0
0 0 1
1 195544 0
27 0 0
0 0 1
1 192952 0
28 0 0
0 0 1
1 192918 0
29 0 0
0 0 1
1 195342 0
30 0 0
0 0 1
1 206539 0
-1 0 0
