91
1 0 0
0 0 1
1 7.18902e+06 0
2 0 0
0 0 1
1 6.29858e+06 0
3 0 0
0 0 1
1 5.40563e+06 0
4 0 0
0 0 1
1 4.615e+06 0
5 0 0
0 0 1
1 3.92399e+06 0
6 0 0
0 0 1
1 3.32356e+06 0
7 0 0
0 0 1
1 2.82243e+06 0
8 0 0
0 0 1
1 2.41526e+06 0
9 0 0
0 0 1
1 2.07933e+06 0
10 0 0
0 0 1
1 1.79935e+06 0
11 0 0
0 0 1
1 1.57086e+06 0
12 0 0
0 0 1
1 1.38398e+06 0
13 0 0
0 0 1
1 1.22414e+06 0
14 0 0
0 0 1
1 1.08604e+06 0
15 0 0
0 0 1
1 971656 0
16 0 0
0 0 1
1 876859 0
17 0 0
0 0 1
1 792696 0
18 0 0
0 0 1
1 717222 0
19 0 0
0 0 1
1 654169 0
20 0 0
0 0 1
1 601889 0
21 0 0
0 0 1
1 554249 0
22 0 0
0 0 1
1 510856 0
23 0 0
0 0 1
1 476458 0
24 0 0
0 0 1
1 451183 0
25 0 0
0 0 1
1 430472 0
26 0 0
0 0 1
1 413934 0
27 0 0
0 0 1
1 405322 0
28 0 0
0 0 1
1 403465 0
29 0 0
0 0 1
1 401354 0
30 0 0
0 0 1
1 395478 0
-1 0 0
