91
1 0 0
0 0 1
1 8.57557e+06 0
2 0 0
0 0 1
1 7.25185e+06 0
3 0 0
0 0 1
1 5.74494e+06 0
4 0 0
0 0 1
1 4.39982e+06 0
5 0 0
0 0 1
1 3.37866e+06 0
6 0 0
0 0 1
1 2.64636e+06 0
7 0 0
0 0 1
1 2.11362e+06 0
8 0 0
0 0 1
1 1.72843e+06 0
9 0 0
0 0 1
1 1.45583e+06 0
10 0 0
0 0 1
1 1.25068e+06 0
11 0 0
0 0 1
1 1.07945e+06 0
12 0 0
0 0 1
1 936243 0
13 0 0
0 0 1
1 820926 0
14 0 0
0 0 1
1 722519 0
15 0 0
0 0 1
1 633040 0
16 0 0
0 0 1
1 557249 0
17 0 0
0 0 1
1 498516 0
18 0 0
0 0 1
1 449591 0
19 0 0
0 0 1
1 404407 0
20 0 0
0 0 1
1 366058 0
21 0 0
0 0 1
1 337071 0
22 0 0
0 0 1
1 313230 0
23 0 0
0 0 1
1 292099 0
24 0 0
0 0 1
1 277316 0
25 0 0
0 0 1
1 269989 0
26 0 0
0 0 1
1 265190 0
27 0 0
0 0 1
1 260829 0
28 0 0
0 0 1
1 261409 0
29 0 0
0 0 1
1 269709 0
30 0 0
0 0 1
1 282715 0
-1 0 0
