91
1 0 0
0 0 1
1 6.12122e+06 0
2 0 0
0 0 1
1 5.39103e+06 0
3 0 0
0 0 1
1 4.6629e+06 0
4 0 0
0 0 1
1 3.99321e+06 0
5 0 0
0 0 1
1 3.39832e+06 0
6 0 0
0 0 1
1 2.88052e+06 0
7 0 0
0 0 1
1 2.43713e+06 0
8 0 0
0 0 1
1 2.0605e+06 0
9 0 0
0 0 1
1 1.74217e+06 0
10 0 0
0 0 1
1 1.47663e+06 0
11 0 0
0 0 1
1 1.2588e+06 0
12 0 0
0 0 1
1 1.08143e+06 0
13 0 0
0 0 1
1 937212 0
14 0 0
0 0 1
1 820629 0
15 0 0
0 0 1
1 725978 0
16 0 0
0 0 1
1 646850 0
17 0 0
0 0 1
1 579192 0
18 0 0
0 0 1
1 522340 0
19 0 0
0 0 1
1 475769 0
20 0 0
0 0 1
1 437069 0
21 0 0
0 0 1
1 403933 0
22 0 0
0 0 1
1 375786 0
23 0 0
0 0 1
1 352601 0
24 0 0
0 0 1
1 334105 0
25 0 0
0 0 1
1 320668 0
26 0 0
0 0 1
1 313074 0
27 0 0
0 0 1
1 310931 0
28 0 0
0 0 1
1 312860 0
29 0 0
0 0 1
1 318127 0
30 0 0
0 0 1
1 326241 0
-1 0 0
