91
1 0 0
0 0 1
1 1.10973e+07 0
2 0 0
0 0 1
1 9.24735e+06 0
3 0 0
0 0 1
1 7.47898e+06 0
4 0 0
0 0 1
1 5.97329e+06 0
5 0 0
0 0 1
1 4.79517e+06 0
6 0 0
0 0 1
1 3.9179e+06 0
7 0 0
0 0 1
1 3.27291e+06 0
8 0 0
0 0 1
1 2.79487e+06 0
9 0 0
0 0 1
1 2.43568e+06 0
10 0 0
0 0 1
1 2.15676e+06 0
11 0 0
0 0 1
1 1.92698e+06 0
12 0 0
0 0 1
1 1.72924e+06 0
13 0 0
0 0 1
1 1.55918e+06 0
14 0 0
0 0 1
1 1.41461e+06 0
15 0 0
0 0 1
1 1.2907e+06 0
16 0 0
0 0 1
1 1.18421e+06 0
17 0 0
0 0 1
1 1.09479e+06 0
18 0 0
0 0 1
1 1.02081e+06 0
19 0 0
0 0 1
1 958483 0
20 0 0
0 0 1
1 905643 0
21 0 0
0 0 1
1 862299 0
22 0 0
0 0 1
1 827435 0
23 0 0
0 0 1
1 799025 0
24 0 0
0 0 1
1 776765 0
25 0 0
0 0 1
1 760938 0
26 0 0
0 0 1
1 749258 0
27 0 0
0 0 1
1 738917 0
28 0 0
0 0 1
1 731232 0
29 0 0
0 0 1
1 730053 0
30 0 0
0 0 1
1 735856 0
-1 0 0
