91
1 0 0
0 0 1
1 7.32635e+06 0
2 0 0
0 0 1
1 6.28486e+06 0
3 0 0
0 0 1
1 5.13766e+06 0
4 0 0
0 0 1
1 4.06336e+06 0
5 0 0
0 0 1
1 3.17954e+06 0
6 0 0
0 0 1
1 2.50475e+06 0
7 0 0
0 0 1
1 1.99808e+06 0
8 0 0
0 0 1
1 1.61878e+06 0
9 0 0
0 0 1
1 1.34066e+06 0
10 0 0
0 0 1
1 1.1357e+06 0
11 0 0
0 0 1
1 974448 0
12 0 0
0 0 1
1 841435 0
13 0 0
0 0 1
1 733950 0
14 0 0
0 0 1
1 646855 0
15 0 0
0 0 1
1 570563 0
16 0 0
0 0 1
1 501836 0
17 0 0
0 0 1
1 444425 0
18 0 0
0 0 1
1 398629 0
19 0 0
0 0 1
1 359344 0
20 0 0
0 0 1
1 324473 0
21 0 0
0 0 1
1 296745 0
22 0 0
0 0 1
1 276434 0
23 0 0
0 0 1
1 259443 0
24 0 0
0 0 1
1 243657 0
25 0 0
0 0 1
1 231165 0
26 0 0
0 0 1
1 223311 0
27 0 0
0 0 1
1 218783 0
28 0 0
0 0 1
1 217444 0
29 0 0
0 0 1
1 221338 0
30 0 0
0 0 1
1 231072 0
-1 0 0
