91
1 0 0
0 0 1
1 6.27979e+06 0
2 0 0
0 0 1
1 5.50511e+06 0
3 0 0
0 0 1
1 4.71776e+06 0
4 0 0
0 0 1
1 4.01994e+06 0
5 0 0
0 0 1
1 3.43089e+06 0
6 0 0
0 0 1
1 2.91512e+06 0
7 0 0
0 0 1
1 2.44341e+06 0
8 0 0
0 0 1
1 2.02074e+06 0
9 0 0
0 0 1
1 1.66742e+06 0
10 0 0
0 0 1
1 1.39089e+06 0
11 0 0
0 0 1
1 1.18011e+06 0
12 0 0
0 0 1
1 1.01776e+06 0
13 0 0
0 0 1
1 890098 0
14 0 0
0 0 1
1 787792 0
15 0 0
0 0 1
1 704066 0
16 0 0
0 0 1
1 634170 0
17 0 0
0 0 1
1 575003 0
18 0 0
0 0 1
1 524317 0
19 0 0
0 0 1
1 480786 0
20 0 0
0 0 1
1 444381 0
21 0 0
0 0 1
1 415268 0
22 0 0
0 0 1
1 392178 0
23 0 0
0 0 1
1 372874 0
24 0 0
0 0 1
1 356406 0
25 0 0
0 0 1
1 343868 0
26 0 0
0 0 1
1 336545 0
27 0 0
0 0 1
1 334340 0
28 0 0
0 0 1
1 336609 0
29 0 0
0 0 1
1 343330 0
30 0 0
0 0 1
1 353963 0
-1 0 0
