91
1 0 0
0 0 1
1 5.89036e+06 0
2 0 0
0 0 1
1 5.20221e+06 0
3 0 0
0 0 1
1 4.48872e+06 0
4 0 0
0 0 1
1 3.80857e+06 0
5 0 0
0 0 1
1 3.19499e+06 0
6 0 0
0 0 1
1 2.66852e+06 0
7 0 0
0 0 1
1 2.23228e+06 0
8 0 0
0 0 1
1 1.8712e+06 0
9 0 0
0 0 1
1 1.56902e+06 0
10 0 0
0 0 1
1 1.31992e+06 0
11 0 0
0 0 1
1 1.11935e+06 0
12 0 0
0 0 1
1 955182 0
13 0 0
0 0 1
1 815658 0
14 0 0
0 0 1
1 698244 0
15 0 0
0 0 1
1 603685 0
16 0 0
0 0 1
1 527600 0
17 0 0
0 0 1
1 464062 0
18 0 0
0 0 1
1 411970 0
19 0 0
0 0 1
1 371690 0
20 0 0
0 0 1
1 339439 0
21 0 0
0 0 1
1 310537 0
22 0 0
0 0 1
1 285215 0
23 0 0
0 0 1
1 266489 0
24 0 0
0 0 1
1 254641 0
25 0 0
0 0 1
1 247762 0
26 0 0
0 0 1
1 245672 0
27 0 0
0 0 1
1 249591 0
28 0 0
0 0 1
1 258985 0
29 0 0
0 0 1
1 271129 0
30 0 0
0 0 1
1 282648 0
-1 0 0
