91
1 0 0
0 0 1
1 3.12919e+07 0
2 0 0
0 0 1
1 2.72457e+07 0
3 0 0
0 0 1
1 2.31437e+07 0
4 0 0
0 0 1
1 1.93764e+07 0
5 0 0
0 0 1
1 1.61247e+07 0
6 0 0
0 0 1
1 1.34465e+07 0
7 0 0
0 0 1
1 1.12755e+07 0
8 0 0
0 0 1
1 9.47799e+06 0
9 0 0
0 0 1
1 7.96003e+06 0
10 0 0
0 0 1
1 6.69379e+06 0
11 0 0
0 0 1
1 5.65586e+06 0
12 0 0
0 0 1
1 4.79812e+06 0
13 0 0
0 0 1
1 4.08159e+06 0
14 0 0
0 0 1
1 3.49258e+06 0
15 0 0
0 0 1
1 3.01504e+06 0
16 0 0
0 0 1
1 2.61963e+06 0
17 0 0
0 0 1
1 2.28655e+06 0
18 0 0
0 0 1
1 2.01235e+06 0
19 0 0
0 0 1
1 1.78939e+06 0
20 0 0
0 0 1
1 1.60156e+06 0
21 0 0
0 0 1
1 1.44255e+06 0
22 0 0
0 0 1
1 1.31649e+06 0
23 0 0
0 0 1
1 1.21797e+06 0
24 0 0
0 0 1
1 1.13178e+06 0
25 0 0
0 0 1
1 1.05507e+06 0
26 0 0
0 0 1
1 1.0012e+06 0
27 0 0
0 0 1
1 978923 0
28 0 0
0 0 1
1 983720 0
29 0 0
0 0 1
1 1.01158e+06 0
30 0 0
0 0 1
1 1.0649e+06 0
-1 0 0
