91
1 0 0
0 0 1
1 1.27716e+07 0
2 0 0
0 0 1
1 1.09576e+07 0
3 0 0
0 0 1
1 8.97187e+06 0
4 0 0
0 0 1
1 7.13991e+06 0
5 0 0
0 0 1
1 5.62394e+06 0
6 0 0
0 0 1
1 4.43134e+06 0
7 0 0
0 0 1
1 3.51456e+06 0
8 0 0
0 0 1
1 2.82285e+06 0
9 0 0
0 0 1
1 2.29974e+06 0
10 0 0
0 0 1
1 1.88988e+06 0
11 0 0
0 0 1
1 1.55978e+06 0
12 0 0
0 0 1
1 1.29615e+06 0
13 0 0
0 0 1
1 1.08697e+06 0
14 0 0
0 0 1
1 917764 0
15 0 0
0 0 1
1 781230 0
16 0 0
0 0 1
1 676034 0
17 0 0
0 0 1
1 596612 0
18 0 0
0 0 1
1 533500 0
19 0 0
0 0 1
1 481592 0
20 0 0
0 0 1
1 440100 0
21 0 0
0 0 1
1 406700 0
22 0 0
0 0 1
1 378761 0
23 0 0
0 0 1
1 357872 0
24 0 0
0 0 1
1 346801 0
25 0 0
0 0 1
1 344410 0
26 0 0
0 0 1
1 348995 0
27 0 0
0 0 1
1 363362 0
28 0 0
0 0 1
1 390477 0
29 0 0
0 0 1
1 426344 0
30 0 0
0 0 1
1 462322 0
-1 0 0
