91
1 0 0
0 0 1
1 6.9081e+06 0
2 0 0
0 0 1
1 6.1835e+06 0
3 0 0
0 0 1
1 5.42536e+06 0
4 0 0
0 0 1
1 4.64109e+06 0
5 0 0
0 0 1
1 3.88724e+06 0
6 0 0
0 0 1
1 3.21933e+06 0
7 0 0
0 0 1
1 2.65614e+06 0
8 0 0
0 0 1
1 2.19572e+06 0
9 0 0
0 0 1
1 1.831e+06 0
10 0 0
0 0 1
1 1.54384e+06 0
11 0 0
0 0 1
1 1.30926e+06 0
12 0 0
0 0 1
1 1.11376e+06 0
13 0 0
0 0 1
1 956347 0
14 0 0
0 0 1
1 831689 0
15 0 0
0 0 1
1 727415 0
16 0 0
0 0 1
1 637593 0
17 0 0
0 0 1
1 564484 0
18 0 0
0 0 1
1 506456 0
19 0 0
0 0 1
1 456833 0
20 0 0
0 0 1
1 414679 0
21 0 0
0 0 1
1 384464 0
22 0 0
0 0 1
1 364474 0
23 0 0
0 0 1
1 346765 0
24 0 0
0 0 1
1 329335 0
25 0 0
0 0 1
1 317958 0
26 0 0
0 0 1
1 315101 0
27 0 0
0 0 1
1 316661 0
28 0 0
0 0 1
1 320506 0
29 0 0
0 0 1
1 329124 0
30 0 0
0 0 1
1 342569 0
-1 0 0
