91
1 0 0
0 0 1
1 1.16369e+07 0
2 0 0
0 0 1
1 1.0075e+07 0
3 0 0
0 0 1
1 8.6698e+06 0
4 0 0
0 0 1
1 7.43597e+06 0
5 0 0
0 0 1
1 6.30551e+06 0
6 0 0
0 0 1
1 5.27855e+06 0
7 0 0
0 0 1
1 4.4003e+06 0
8 0 0
0 0 1
1 3.68037e+06 0
9 0 0
0 0 1
1 3.09406e+06 0
10 0 0
0 0 1
1 2.62539e+06 0
11 0 0
0 0 1
1 2.26395e+06 0
12 0 0
0 0 1
1 1.98099e+06 0
13 0 0
0 0 1
1 1.74431e+06 0
14 0 0
0 0 1
1 1.5453e+06 0
15 0 0
0 0 1
1 1.38714e+06 0
16 0 0
0 0 1
1 1.25926e+06 0
17 0 0
0 0 1
1 1.14537e+06 0
18 0 0
0 0 1
1 1.04481e+06 0
19 0 0
0 0 1
1 965329 0
20 0 0
0 0 1
1 903253 0
21 0 0
0 0 1
1 848781 0
22 0 0
0 0 1
1 802607 0
23 0 0
0 0 1
1 770196 0
24 0 0
0 0 1
1 746398 0
25 0 0
0 0 1
1 721910 0
26 0 0
0 0 1
1 699675 0
27 0 0
0 0 1
1 690039 0
28 0 0
0 0 1
1 693727 0
29 0 0
0 0 1
1 702671 0
30 0 0
0 0 1
1 713637 0
-1 0 0
