91
1 0 0
0 0 1
1 1.6668e+07 0
2 0 0
0 0 1
1 1.44819e+07 0
3 0 0
0 0 1
1 1.23107e+07 0
4 0 0
0 0 1
1 1.03736e+07 0
5 0 0
0 0 1
1 8.6918e+06 0
6 0 0
0 0 1
1 7.24242e+06 0
7 0 0
0 0 1
1 6.01678e+06 0
8 0 0
0 0 1
1 4.99527e+06 0
9 0 0
0 0 1
1 4.14585e+06 0
10 0 0
0 0 1
1 3.44976e+06 0
11 0 0
0 0 1
1 2.8961e+06 0
12 0 0
0 0 1
1 2.458e+06 0
13 0 0
0 0 1
1 2.10037e+06 0
14 0 0
0 0 1
1 1.8049e+06 0
15 0 0
0 0 1
1 1.5663e+06 0
16 0 0
0 0 1
1 1.37173e+06 0
17 0 0
0 0 1
1 1.20475e+06 0
18 0 0
0 0 1
1 1.06312e+06 0
19 0 0
0 0 1
1 953247 0
20 0 0
0 0 1
1 870340 0
21 0 0
0 0 1
1 800354 0
22 0 0
0 0 1
1 738049 0
23 0 0
0 0 1
1 687894 0
24 0 0
0 0 1
1 650271 0
25 0 0
0 0 1
1 621101 0
26 0 0
0 0 1
1 602709 0
27 0 0
0 0 1
1 601532 0
28 0 0
0 0 1
1 616088 0
29 0 0
0 0 1
1 638514 0
30 0 0
0 0 1
1 666175 0
-1 0 0
