91
1 0 0
0 0 1
1 8.11962e+06 0
2 0 0
0 0 1
1 6.68763e+06 0
3 0 0
0 0 1
1 5.25241e+06 0
4 0 0
0 0 1
1 4.00689e+06 0
5 0 0
0 0 1
1 3.04222e+06 0
6 0 0
0 0 1
1 2.34949e+06 0
7 0 0
0 0 1
1 1.86126e+06 0
8 0 0
0 0 1
1 1.50769e+06 0
9 0 0
0 0 1
1 1.24677e+06 0
10 0 0
0 0 1
1 1.05479e+06 0
11 0 0
0 0 1
1 907933 0
12 0 0
0 0 1
1 785115 0
13 0 0
0 0 1
1 679073 0
14 0 0
0 0 1
1 591200 0
15 0 0
0 0 1
1 518122 0
16 0 0
0 0 1
1 452538 0
17 0 0
0 0 1
1 393670 0
18 0 0
0 0 1
1 346608 0
19 0 0
0 0 1
1 312004 0
20 0 0
0 0 1
1 284378 0
21 0 0
0 0 1
1 260111 0
22 0 0
0 0 1
1 240076 0
23 0 0
0 0 1
1 224667 0
24 0 0
0 0 1
1 212665 0
25 0 0
0 0 1
1 205074 0
26 0 0
0 0 1
1 204453 0
27 0 0
0 0 1
1 210259 0
28 0 0
0 0 1
1 219597 0
29 0 0
0 0 1
1 232144 0
30 0 0
0 0 1
1 249423 0
-1 0 0
