91
1 0 0
0 0 1
1 1.58605e+07 0
2 0 0
0 0 1
1 1.36932e+07 0
3 0 0
0 0 1
1 1.13649e+07 0
4 0 0
0 0 1
1 9.19605e+06 0
5 0 0
0 0 1
1 7.33826e+06 0
6 0 0
0 0 1
1 5.83444e+06 0
7 0 0
0 0 1
1 4.6815e+06 0
8 0 0
0 0 1
1 3.83415e+06 0
9 0 0
0 0 1
1 3.21121e+06 0
10 0 0
0 0 1
1 2.73799e+06 0
11 0 0
0 0 1
1 2.37322e+06 0
12 0 0
0 0 1
1 2.09092e+06 0
13 0 0
0 0 1
1 1.86096e+06 0
14 0 0
0 0 1
1 1.66029e+06 0
15 0 0
0 0 1
1 1.48504e+06 0
16 0 0
0 0 1
1 1.33732e+06 0
17 0 0
0 0 1
1 1.2111e+06 0
18 0 0
0 0 1
1 1.09989e+06 0
19 0 0
0 0 1
1 1.00624e+06 0
20 0 0
0 0 1
1 933369 0
21 0 0
0 0 1
1 875735 0
22 0 0
0 0 1
1 826086 0
23 0 0
0 0 1
1 784324 0
24 0 0
0 0 1
1 752459 0
25 0 0
0 0 1
1 727932 0
26 0 0
0 0 1
1 708576 0
27 0 0
0 0 1
1 697934 0
28 0 0
0 0 1
1 699526 0
29 0 0
0 0 1
1 710960 0
30 0 0
0 0 1
1 728291 0
-1 0 0
