91
1 0 0
0 0 1
1 6.10178e+06 0
2 0 0
0 0 1
1 5.32145e+06 0
3 0 0
0 0 1
1 4.65207e+06 0
4 0 0
0 0 1
1 4.10322e+06 0
5 0 0
0 0 1
1 3.61238e+06 0
6 0 0
0 0 1
1 3.14014e+06 0
7 0 0
0 0 1
1 2.68874e+06 0
8 0 0
0 0 1
1 2.27605e+06 0
9 0 0
0 0 1
1 1.91736e+06 0
10 0 0
0 0 1
1 1.61921e+06 0
11 0 0
0 0 1
1 1.37543e+06 0
12 0 0
0 0 1
1 1.17211e+06 0
13 0 0
0 0 1
1 1.00028e+06 0
14 0 0
0 0 1
1 859141 0
15 0 0
0 0 1
1 746562 0
16 0 0
0 0 1
1 654550 0
17 0 0
0 0 1
1 576577 0
18 0 0
0 0 1
1 512139 0
19 0 0
0 0 1
1 461077 0
20 0 0
0 0 1
1 419307 0
21 0 0
0 0 1
1 383160 0
22 0 0
0 0 1
1 353034 0
23 0 0
0 0 1
1 329976 0
24 0 0
0 0 1
1 312616 0
25 0 0
0 0 1
1 299684 0
26 0 0
0 0 1
1 291907 0
27 0 0
0 0 1
1 289342 0
28 0 0
0 0 1
1 289728 0
29 0 0
0 0 1
1 290836 0
30 0 0
0 0 1
1 291773 0
-1 0 0
