91
1 0 0
0 0 1
1 6.31838e+06 0
2 0 0
0 0 1
1 5.59448e+06 0
3 0 0
0 0 1
1 4.89116e+06 0
4 0 0
0 0 1
1 4.27271e+06 0
5 0 0
0 0 1
1 3.7404e+06 0
6 0 0
0 0 1
1 3.29042e+06 0
7 0 0
0 0 1
1 2.91415e+06 0
8 0 0
0 0 1
1 2.59242e+06 0
9 0 0
0 0 1
1 2.31082e+06 0
10 0 0
0 0 1
1 2.06605e+06 0
11 0 0
0 0 1
1 1.85382e+06 0
12 0 0
0 0 1
1 1.66501e+06 0
13 0 0
0 0 1
1 1.49627e+06 0
14 0 0
0 0 1
1 1.35107e+06 0
15 0 0
0 0 1
1 1.22776e+06 0
16 0 0
0 0 1
1 1.11741e+06 0
17 0 0
0 0 1
1 1.01502e+06 0
18 0 0
0 0 1
1 922825 0
19 0 0
0 0 1
1 841150 0
20 0 0
0 0 1
1 765547 0
21 0 0
0 0 1
1 694804 0
22 0 0
0 0 1
1 633210 0
23 0 0
0 0 1
1 582585 0
24 0 0
0 0 1
1 539030 0
25 0 0
0 0 1
1 499274 0
26 0 0
0 0 1
1 463997 0
27 0 0
0 0 1
1 433650 0
28 0 0
0 0 1
1 407050 0
29 0 0
0 0 1
1 385327 0
30 0 0
0 0 1
1 371776 0
-1 0 0
