91
1 0 0
0 0 1
1 8.06719e+06 0
2 0 0
0 0 1
1 6.4399e+06 0
3 0 0
0 0 1
1 4.90161e+06 0
4 0 0
0 0 1
1 3.69284e+06 0
5 0 0
0 0 1
1 2.83301e+06 0
6 0 0
0 0 1
1 2.23563e+06 0
7 0 0
0 0 1
1 1.81956e+06 0
8 0 0
0 0 1
1 1.52984e+06 0
9 0 0
0 0 1
1 1.32046e+06 0
10 0 0
0 0 1
1 1.15654e+06 0
11 0 0
0 0 1
1 1.02184e+06 0
12 0 0
0 0 1
1 909374 0
13 0 0
0 0 1
1 811329 0
14 0 0
0 0 1
1 723504 0
15 0 0
0 0 1
1 648691 0
16 0 0
0 0 1
1 588333 0
17 0 0
0 0 1
1 537704 0
18 0 0
0 0 1
1 493416 0
19 0 0
0 0 1
1 457829 0
20 0 0
0 0 1
1 431682 0
21 0 0
0 0 1
1 409624 0
22 0 0
0 0 1
1 387624 0
23 0 0
0 0 1
1 368601 0
24 0 0
0 0 1
1 356422 0
25 0 0
0 0 1
1 349698 0
26 0 0
0 0 1
1 345515 0
27 0 0
0 0 1
1 344430 0
28 0 0
0 0 1
1 347939 0
29 0 0
0 0 1
1 355128 0
30 0 0
0 0 1
1 365176 0
-1 0 0
