91
1 0 0
0 0 1
1 1.22272e+07 0
2 0 0
0 0 1
1 1.08778e+07 0
3 0 0
0 0 1
1 9.43752e+06 0
4 0 0
0 0 1
1 8.00831e+06 0
5 0 0
0 0 1
1 6.70396e+06 0
6 0 0
0 0 1
1 5.5841e+06 0
7 0 0
0 0 1
1 4.64529e+06 0
8 0 0
0 0 1
1 3.86722e+06 0
9 0 0
0 0 1
1 3.23733e+06 0
10 0 0
0 0 1
1 2.73742e+06 0
11 0 0
0 0 1
1 2.33761e+06 0
12 0 0
0 0 1
1 2.01172e+06 0
13 0 0
0 0 1
1 1.74497e+06 0
14 0 0
0 0 1
1 1.52536e+06 0
15 0 0
0 0 1
1 1.34056e+06 0
16 0 0
0 0 1
1 1.18452e+06 0
17 0 0
0 0 1
1 1.05644e+06 0
18 0 0
0 0 1
1 951955 0
19 0 0
0 0 1
1 863590 0
20 0 0
0 0 1
1 788878 0
21 0 0
0 0 1
1 729406 0
22 0 0
0 0 1
1 682337 0
23 0 0
0 0 1
1 641316 0
24 0 0
0 0 1
1 605493 0
25 0 0
0 0 1
1 579648 0
26 0 0
0 0 1
1 565268 0
27 0 0
0 0 1
1 558883 0
28 0 0
0 0 1
1 559345 0
29 0 0
0 0 1
1 569198 0
30 0 0
0 0 1
1 587465 0
-1 0 0
