91
1 0 0
0 0 1
1 8.07249e+06 0
2 0 0
0 0 1
1 6.50783e+06 0
3 0 0
0 0 1
1 4.96491e+06 0
4 0 0
0 0 1
1 3.75954e+06 0
5 0 0
0 0 1
1 2.9174e+06 0
6 0 0
0 0 1
1 2.31434e+06 0
7 0 0
0 0 1
1 1.86415e+06 0
8 0 0
0 0 1
1 1.54064e+06 0
9 0 0
0 0 1
1 1.30971e+06 0
10 0 0
0 0 1
1 1.12443e+06 0
11 0 0
0 0 1
1 966446 0
12 0 0
0 0 1
1 841016 0
13 0 0
0 0 1
1 740512 0
14 0 0
0 0 1
1 647016 0
15 0 0
0 0 1
1 560256 0
16 0 0
0 0 1
1 492483 0
17 0 0
0 0 1
1 442104 0
18 0 0
0 0 1
1 396646 0
19 0 0
0 0 1
1 355293 0
20 0 0
0 0 1
1 326342 0
21 0 0
0 0 1
1 307414 0
22 0 0
0 0 1
1 288012 0
23 0 0
0 0 1
1 267765 0
24 0 0
0 0 1
1 254628 0
25 0 0
0 0 1
1 248393 0
26 0 0
0 0 1
1 241860 0
27 0 0
0 0 1
1 235452 0
28 0 0
0 0 1
1 236368 0
29 0 0
0 0 1
1 245732 0
30 0 0
0 0 1
1 259030 0
-1 0 0
