91
1 0 0
0 0 1
1 1.33543e+07 0
2 0 0
0 0 1
1 1.26258e+07 0
3 0 0
0 0 1
1 1.16346e+07 0
4 0 0
0 0 1
1 1.03146e+07 0
5 0 0
0 0 1
1 8.83984e+06 0
6 0 0
0 0 1
1 7.40038e+06 0
7 0 0
0 0 1
1 6.11045e+06 0
8 0 0
0 0 1
1 5.0363e+06 0
9 0 0
0 0 1
1 4.19082e+06 0
10 0 0
0 0 1
1 3.52097e+06 0
11 0 0
0 0 1
1 2.96448e+06 0
12 0 0
0 0 1
1 2.5043e+06 0
13 0 0
0 0 1
1 2.13894e+06 0
14 0 0
0 0 1
1 1.83957e+06 0
15 0 0
0 0 1
1 1.57684e+06 0
16 0 0
0 0 1
1 1.35699e+06 0
17 0 0
0 0 1
1 1.1926e+06 0
18 0 0
0 0 1
1 1.06421e+06 0
19 0 0
0 0 1
1 945362 0
20 0 0
0 0 1
1 840262 0
21 0 0
0 0 1
1 763844 0
22 0 0
0 0 1
1 706794 0
23 0 0
0 0 1
1 651571 0
24 0 0
0 0 1
1 603876 0
25 0 0
0 0 1
1 579193 0
26 0 0
0 0 1
1 574484 0
27 0 0
0 0 1
1 578665 0
28 0 0
0 0 1
1 594821 0
29 0 0
0 0 1
1 627497 0
30 0 0
0 0 1
1 662561 0
-1 0 0
