91
1 0 0
0 0 1
1 7.35266e+06 0
2 0 0
0 0 1
1 6.38852e+06 0
3 0 0
0 0 1
1 5.26969e+06 0
4 0 0
0 0 1
1 4.17638e+06 0
5 0 0
0 0 1
1 3.26038e+06 0
6 0 0
0 0 1
1 2.56876e+06 0
7 0 0
0 0 1
1 2.05972e+06 0
8 0 0
0 0 1
1 1.67862e+06 0
9 0 0
0 0 1
1 1.39589e+06 0
10 0 0
0 0 1
1 1.18839e+06 0
11 0 0
0 0 1
1 1.02585e+06 0
12 0 0
0 0 1
1 887593 0
13 0 0
0 0 1
1 771959 0
14 0 0
0 0 1
1 679808 0
15 0 0
0 0 1
1 602801 0
16 0 0
0 0 1
1 533708 0
17 0 0
0 0 1
1 474720 0
18 0 0
0 0 1
1 428125 0
19 0 0
0 0 1
1 388765 0
20 0 0
0 0 1
1 351979 0
21 0 0
0 0 1
1 320455 0
22 0 0
0 0 1
1 297314 0
23 0 0
0 0 1
1 279590 0
24 0 0
0 0 1
1 263735 0
25 0 0
0 0 1
1 251267 0
26 0 0
0 0 1
1 244148 0
27 0 0
0 0 1
1 240298 0
28 0 0
0 0 1
1 238295 0
29 0 0
0 0 1
1 241400 0
30 0 0
0 0 1
1 252446 0
-1 0 0
