91
1 0 0
0 0 1
1 8.39065e+06 0
2 0 0
0 0 1
1 7.37535e+06 0
3 0 0
0 0 1
1 6.40753e+06 0
4 0 0
0 0 1
1 5.51914e+06 0
5 0 0
0 0 1
1 4.68713e+06 0
6 0 0
0 0 1
1 3.92777e+06 0
7 0 0
0 0 1
1 3.27813e+06 0
8 0 0
0 0 1
1 2.74374e+06 0
9 0 0
0 0 1
1 2.30178e+06 0
10 0 0
0 0 1
1 1.93484e+06 0
11 0 0
0 0 1
1 1.63588e+06 0
12 0 0
0 0 1
1 1.39245e+06 0
13 0 0
0 0 1
1 1.18873e+06 0
14 0 0
0 0 1
1 1.01844e+06 0
15 0 0
0 0 1
1 881184 0
16 0 0
0 0 1
1 770437 0
17 0 0
0 0 1
1 676545 0
18 0 0
0 0 1
1 597218 0
19 0 0
0 0 1
1 534523 0
20 0 0
0 0 1
1 484972 0
21 0 0
0 0 1
1 441616 0
22 0 0
0 0 1
1 402862 0
23 0 0
0 0 1
1 371073 0
24 0 0
0 0 1
1 345181 0
25 0 0
0 0 1
1 322167 0
26 0 0
0 0 1
1 303460 0
27 0 0
0 0 1
1 292916 0
28 0 0
0 0 1
1 290396 0
29 0 0
0 0 1
1 293488 0
30 0 0
0 0 1
1 303370 0
-1 0 0
