91
1 0 0
0 0 1
1 9.06178e+06 0
2 0 0
0 0 1
1 7.72949e+06 0
3 0 0
0 0 1
1 6.46856e+06 0
4 0 0
0 0 1
1 5.39575e+06 0
5 0 0
0 0 1
1 4.49576e+06 0
6 0 0
0 0 1
1 3.7449e+06 0
7 0 0
0 0 1
1 3.13626e+06 0
8 0 0
0 0 1
1 2.64423e+06 0
9 0 0
0 0 1
1 2.23114e+06 0
10 0 0
0 0 1
1 1.88056e+06 0
11 0 0
0 0 1
1 1.59233e+06 0
12 0 0
0 0 1
1 1.35608e+06 0
13 0 0
0 0 1
1 1.15543e+06 0
14 0 0
0 0 1
1 987779 0
15 0 0
0 0 1
1 857084 0
16 0 0
0 0 1
1 754455 0
17 0 0
0 0 1
1 664781 0
18 0 0
0 0 1
1 585907 0
19 0 0
0 0 1
1 524285 0
20 0 0
0 0 1
1 477413 0
21 0 0
0 0 1
1 435988 0
22 0 0
0 0 1
1 398786 0
23 0 0
0 0 1
1 371271 0
24 0 0
0 0 1
1 352886 0
25 0 0
0 0 1
1 338071 0
26 0 0
0 0 1
1 327105 0
27 0 0
0 0 1
1 325067 0
28 0 0
0 0 1
1 332178 0
29 0 0
0 0 1
1 344051 0
30 0 0
0 0 1
1 358820 0
-1 0 0
