91
1 0 0
0 0 1
1 6.58707e+06 0
2 0 0
0 0 1
1 5.93676e+06 0
3 0 0
0 0 1
1 5.08652e+06 0
4 0 0
0 0 1
1 4.20175e+06 0
5 0 0
0 0 1
1 3.41708e+06 0
6 0 0
0 0 1
1 2.78494e+06 0
7 0 0
0 0 1
1 2.29914e+06 0
8 0 0
0 0 1
1 1.92975e+06 0
9 0 0
0 0 1
1 1.64245e+06 0
10 0 0
0 0 1
1 1.41055e+06 0
11 0 0
0 0 1
1 1.21988e+06 0
12 0 0
0 0 1
1 1.06261e+06 0
13 0 0
0 0 1
1 930524 0
14 0 0
0 0 1
1 816831 0
15 0 0
0 0 1
1 719083 0
16 0 0
0 0 1
1 635647 0
17 0 0
0 0 1
1 562754 0
18 0 0
0 0 1
1 498073 0
19 0 0
0 0 1
1 443130 0
20 0 0
0 0 1
1 398812 0
21 0 0
0 0 1
1 361956 0
22 0 0
0 0 1
1 329446 0
23 0 0
0 0 1
1 302423 0
24 0 0
0 0 1
1 283397 0
25 0 0
0 0 1
1 272117 0
26 0 0
0 0 1
1 267166 0
27 0 0
0 0 1
1 268892 0
28 0 0
0 0 1
1 277537 0
29 0 0
0 0 1
1 290145 0
30 0 0
0 0 1
1 301749 0
-1 0 0
