91
1 0 0
0 0 1
1 5.78415e+06 0
2 0 0
0 0 1
1 5.17843e+06 0
3 0 0
0 0 1
1 4.55589e+06 0
4 0 0
0 0 1
1 3.95479e+06 0
5 0 0
0 0 1
1 3.4019e+06 0
6 0 0
0 0 1
1 2.90806e+06 0
7 0 0
0 0 1
1 2.47234e+06 0
8 0 0
0 0 1
1 2.09063e+06 0
9 0 0
0 0 1
1 1.76061e+06 0
10 0 0
0 0 1
1 1.48097e+06 0
11 0 0
0 0 1
1 1.24903e+06 0
12 0 0
0 0 1
1 1.05971e+06 0
13 0 0
0 0 1
1 906141 0
14 0 0
0 0 1
1 781296 0
15 0 0
0 0 1
1 679675 0
16 0 0
0 0 1
1 597285 0
17 0 0
0 0 1
1 530377 0
18 0 0
0 0 1
1 475293 0
19 0 0
0 0 1
1 429680 0
20 0 0
0 0 1
1 392501 0
21 0 0
0 0 1
1 362398 0
22 0 0
0 0 1
1 337465 0
23 0 0
0 0 1
1 317222 0
24 0 0
0 0 1
1 303182 0
25 0 0
0 0 1
1 296234 0
26 0 0
0 0 1
1 294658 0
27 0 0
0 0 1
1 295847 0
28 0 0
0 0 1
1 298754 0
29 0 0
0 0 1
1 303168 0
30 0 0
0 0 1
1 307571 0
-1 0 0
