91
1 0 0
0 0 1
1 6.30429e+06 0
2 0 0
0 0 1
1 5.66147e+06 0
3 0 0
0 0 1
1 5.01579e+06 0
4 0 0
0 0 1
1 4.39046e+06 0
5 0 0
0 0 1
1 3.79184e+06 0
6 0 0
0 0 1
1 3.24577e+06 0
7 0 0
0 0 1
1 2.77299e+06 0
8 0 0
0 0 1
1 2.3648e+06 0
9 0 0
0 0 1
1 2.00352e+06 0
10 0 0
0 0 1
1 1.68716e+06 0
11 0 0
0 0 1
1 1.42048e+06 0
12 0 0
0 0 1
1 1.19861e+06 0
13 0 0
0 0 1
1 1.01296e+06 0
14 0 0
0 0 1
1 861369 0
15 0 0
0 0 1
1 741795 0
16 0 0
0 0 1
1 645243 0
17 0 0
0 0 1
1 563594 0
18 0 0
0 0 1
1 496617 0
19 0 0
0 0 1
1 444491 0
20 0 0
0 0 1
1 401147 0
21 0 0
0 0 1
1 361481 0
22 0 0
0 0 1
1 328164 0
23 0 0
0 0 1
1 304934 0
24 0 0
0 0 1
1 289084 0
25 0 0
0 0 1
1 276424 0
26 0 0
0 0 1
1 268557 0
27 0 0
0 0 1
1 269481 0
28 0 0
0 0 1
1 278550 0
29 0 0
0 0 1
1 290988 0
30 0 0
0 0 1
1 302050 0
-1 0 0
