91
1 0 0
0 0 1
1 8.45855e+06 0
2 0 0
0 0 1
1 7.16274e+06 0
3 0 0
0 0 1
1 5.7776e+06 0
4 0 0
0 0 1
1 4.50688e+06 0
5 0 0
0 0 1
1 3.45754e+06 0
6 0 0
0 0 1
1 2.66314e+06 0
7 0 0
0 0 1
1 2.09534e+06 0
8 0 0
0 0 1
1 1.68965e+06 0
9 0 0
0 0 1
1 1.3893e+06 0
10 0 0
0 0 1
1 1.16504e+06 0
11 0 0
0 0 1
1 998106 0
12 0 0
0 0 1
1 865762 0
13 0 0
0 0 1
1 751150 0
14 0 0
0 0 1
1 651855 0
15 0 0
0 0 1
1 569260 0
16 0 0
0 0 1
1 498554 0
17 0 0
0 0 1
1 435073 0
18 0 0
0 0 1
1 381117 0
19 0 0
0 0 1
1 339618 0
20 0 0
0 0 1
1 307495 0
21 0 0
0 0 1
1 280334 0
22 0 0
0 0 1
1 257868 0
23 0 0
0 0 1
1 240645 0
24 0 0
0 0 1
1 226676 0
25 0 0
0 0 1
1 215155 0
26 0 0
0 0 1
1 208649 0
27 0 0
0 0 1
1 208284 0
28 0 0
0 0 1
1 211103 0
29 0 0
0 0 1
1 214806 0
30 0 0
0 0 1
1 220844 0
-1 0 0
