91
1 0 0
0 0 1
1 6.40647e+06 0
2 0 0
0 0 1
1 5.57494e+06 0
3 0 0
0 0 1
1 4.69026e+06 0
4 0 0
0 0 1
1 3.80392e+06 0
5 0 0
0 0 1
1 2.99023e+06 0
6 0 0
0 0 1
1 2.33032e+06 0
7 0 0
0 0 1
1 1.84718e+06 0
8 0 0
0 0 1
1 1.49898e+06 0
9 0 0
0 0 1
1 1.23705e+06 0
10 0 0
0 0 1
1 1.04072e+06 0
11 0 0
0 0 1
1 898070 0
12 0 0
0 0 1
1 787930 0
13 0 0
0 0 1
1 693951 0
14 0 0
0 0 1
1 615437 0
15 0 0
0 0 1
1 553246 0
16 0 0
0 0 1
1 499493 0
17 0 0
0 0 1
1 448640 0
18 0 0
0 0 1
1 405113 0
19 0 0
0 0 1
1 372267 0
20 0 0
0 0 1
1 344768 0
21 0 0
0 0 1
1 318181 0
22 0 0
0 0 1
1 295959 0
23 0 0
0 0 1
1 281037 0
24 0 0
0 0 1
1 269723 0
25 0 0
0 0 1
1 259472 0
26 0 0
0 0 1
1 254153 0
27 0 0
0 0 1
1 256069 0
28 0 0
0 0 1
1 260579 0
29 0 0
0 0 1
1 264126 0
30 0 0
0 0 1
1 270466 0
-1 0 0
