91
1 0 0
0 0 1
1 1.36534e+07 0
2 0 0
0 0 1
1 1.17737e+07 0
3 0 0
0 0 1
1 9.73564e+06 0
4 0 0
0 0 1
1 7.89995e+06 0
5 0 0
0 0 1
1 6.3587e+06 0
6 0 0
0 0 1
1 5.09863e+06 0
7 0 0
0 0 1
1 4.11717e+06 0
8 0 0
0 0 1
1 3.3948e+06 0
9 0 0
0 0 1
1 2.86357e+06 0
10 0 0
0 0 1
1 2.45344e+06 0
11 0 0
0 0 1
1 2.13413e+06 0
12 0 0
0 0 1
1 1.89151e+06 0
13 0 0
0 0 1
1 1.69768e+06 0
14 0 0
0 0 1
1 1.5271e+06 0
15 0 0
0 0 1
1 1.37692e+06 0
16 0 0
0 0 1
1 1.2514e+06 0
17 0 0
0 0 1
1 1.14345e+06 0
18 0 0
0 0 1
1 1.04596e+06 0
19 0 0
0 0 1
1 964353 0
20 0 0
0 0 1
1 903458 0
21 0 0
0 0 1
1 855221 0
22 0 0
0 0 1
1 811144 0
23 0 0
0 0 1
1 774572 0
24 0 0
0 0 1
1 750080 0
25 0 0
0 0 1
1 732310 0
26 0 0
0 0 1
1 715609 0
27 0 0
0 0 1
1 704148 0
28 0 0
0 0 1
1 702478 0
29 0 0
0 0 1
1 705409 0
30 0 0
0 0 1
1 706747 0
-1 0 0
