91
1 0 0
0 0 1
1 6.4885e+06 0
2 0 0
0 0 1
1 5.62257e+06 0
3 0 0
0 0 1
1 4.70674e+06 0
4 0 0
0 0 1
1 3.81484e+06 0
5 0 0
0 0 1
1 3.00282e+06 0
6 0 0
0 0 1
1 2.33688e+06 0
7 0 0
0 0 1
1 1.84722e+06 0
8 0 0
0 0 1
1 1.49808e+06 0
9 0 0
0 0 1
1 1.23386e+06 0
10 0 0
0 0 1
1 1.03035e+06 0
11 0 0
0 0 1
1 882352 0
12 0 0
0 0 1
1 771302 0
13 0 0
0 0 1
1 674010 0
14 0 0
0 0 1
1 587037 0
15 0 0
0 0 1
1 517872 0
16 0 0
0 0 1
1 462420 0
17 0 0
0 0 1
1 410243 0
18 0 0
0 0 1
1 362381 0
19 0 0
0 0 1
1 326074 0
20 0 0
0 0 1
1 298816 0
21 0 0
0 0 1
1 272812 0
22 0 0
0 0 1
1 248958 0
23 0 0
0 0 1
1 232781 0
24 0 0
0 0 1
1 222103 0
25 0 0
0 0 1
1 211174 0
26 0 0
0 0 1
1 202085 0
27 0 0
0 0 1
1 200668 0
28 0 0
0 0 1
1 205562 0
29 0 0
0 0 1
1 211639 0
30 0 0
0 0 1
1 219674 0
-1 0 0
