91
1 0 0
0 0 1
1 3.02572e+06 0
2 0 0
0 0 1
1 2.64642e+06 0
3 0 0
0 0 1
1 2.2166e+06 0
4 0 0
0 0 1
1 1.81099e+06 0
5 0 0
0 0 1
1 1.46318e+06 0
6 0 0
0 0 1
1 1.17774e+06 0
7 0 0
0 0 1
1 951984 0
8 0 0
0 0 1
1 779238 0
9 0 0
0 0 1
1 646664 0
10 0 0
0 0 1
1 542086 0
11 0 0
0 0 1
1 459682 0
12 0 0
0 0 1
1 395765 0
13 0 0
0 0 1
1 344541 0
14 0 0
0 0 1
1 301475 0
15 0 0
0 0 1
1 266082 0
16 0 0
0 0 1
1 238157 0
17 0 0
0 0 1
1 215017 0
18 0 0
0 0 1
1 194803 0
19 0 0
0 0 1
1 178671 0
20 0 0
0 0 1
1 167277 0
21 0 0
0 0 1
1 158457 0
22 0 0
0 0 1
1 150544 0
23 0 0
0 0 1
1 144789 0
24 0 0
0 0 1
1 142229 0
25 0 0
0 0 1
1 141072 0
26 0 0
0 0 1
1 139489 0
27 0 0
0 0 1
1 138488 0
28 0 0
0 0 1
1 139767 0
29 0 0
0 0 1
1 142740 0
30 0 0
0 0 1
1 145688 0
-1 0 0
