91
1 0 0
0 0 1
1 1.77643e+06 0
2 0 0
0 0 1
1 1.50189e+06 0
3 0 0
0 0 1
1 1.24147e+06 0
4 0 0
0 0 1
1 1.01415e+06 0
5 0 0
0 0 1
1 816226 0
6 0 0
0 0 1
1 652292 0
7 0 0
0 0 1
1 530233 0
8 0 0
0 0 1
1 444323 0
9 0 0
0 0 1
1 380023 0
10 0 0
0 0 1
1 329376 0
11 0 0
0 0 1
1 291298 0
12 0 0
0 0 1
1 262139 0
13 0 0
0 0 1
1 236075 0
14 0 0
0 0 1
1 212219 0
15 0 0
0 0 1
1 193308 0
16 0 0
0 0 1
1 178778 0
17 0 0
0 0 1
1 165297 0
18 0 0
0 0 1
1 152497 0
19 0 0
0 0 1
1 142506 0
20 0 0
0 0 1
1 134929 0
21 0 0
0 0 1
1 127343 0
22 0 0
0 0 1
1 119839 0
23 0 0
0 0 1
1 114596 0
24 0 0
0 0 1
1 111641 0
25 0 0
0 0 1
1 109020 0
26 0 0
0 0 1
1 106514 0
27 0 0
0 0 1
1 105568 0
28 0 0
0 0 1
1 106122 0
29 0 0
0 0 1
1 106813 0
30 0 0
0 0 1
1 107705 0
-1 0 0
