91
1 0 0
0 0 1
1 5.3153e+06 0
2 0 0
0 0 1
1 4.39802e+06 0
3 0 0
0 0 1
1 3.55954e+06 0
4 0 0
0 0 1
1 2.87974e+06 0
5 0 0
0 0 1
1 2.34876e+06 0
6 0 0
0 0 1
1 1.93707e+06 0
7 0 0
0 0 1
1 1.62557e+06 0
8 0 0
0 0 1
1 1.39284e+06 0
9 0 0
0 0 1
1 1.21139e+06 0
10 0 0
0 0 1
1 1.06292e+06 0
11 0 0
0 0 1
1 942015 0
12 0 0
0 0 1
1 843592 0
13 0 0
0 0 1
1 758660 0
14 0 0
0 0 1
1 682964 0
15 0 0
0 0 1
1 618889 0
16 0 0
0 0 1
1 566620 0
17 0 0
0 0 1
1 521501 0
18 0 0
0 0 1
1 481280 0
19 0 0
0 0 1
1 448334 0
20 0 0
0 0 1
1 423050 0
21 0 0
0 0 1
1 401587 0
22 0 0
0 0 1
1 381866 0
23 0 0
0 0 1
1 365919 0
24 0 0
0 0 1
1 354642 0
25 0 0
0 0 1
1 345601 0
26 0 0
0 0 1
1 337926 0
27 0 0
0 0 1
1 334444 0
28 0 0
0 0 1
1 336702 0
29 0 0
0 0 1
1 341931 0
30 0 0
0 0 1
1 346978 0
-1 0 0
