91
1 0 0
0 0 1
1 7.41853e+06 0
2 0 0
0 0 1
1 6.54207e+06 0
3 0 0
0 0 1
1 5.53717e+06 0
4 0 0
0 0 1
1 4.52821e+06 0
5 0 0
0 0 1
1 3.62295e+06 0
6 0 0
0 0 1
1 2.87795e+06 0
7 0 0
0 0 1
1 2.29422e+06 0
8 0 0
0 0 1
1 1.84478e+06 0
9 0 0
0 0 1
1 1.5025e+06 0
10 0 0
0 0 1
1 1.24496e+06 0
11 0 0
0 0 1
1 1.04906e+06 0
12 0 0
0 0 1
1 894728 0
13 0 0
0 0 1
1 771680 0
14 0 0
0 0 1
1 675572 0
15 0 0
0 0 1
1 599865 0
16 0 0
0 0 1
1 536944 0
17 0 0
0 0 1
1 484071 0
18 0 0
0 0 1
1 441886 0
19 0 0
0 0 1
1 408560 0
20 0 0
0 0 1
1 380536 0
21 0 0
0 0 1
1 357248 0
22 0 0
0 0 1
1 339925 0
23 0 0
0 0 1
1 326963 0
24 0 0
0 0 1
1 315511 0
25 0 0
0 0 1
1 306915 0
26 0 0
0 0 1
1 305816 0
27 0 0
0 0 1
1 313847 0
28 0 0
0 0 1
1 328048 0
29 0 0
0 0 1
1 345082 0
30 0 0
0 0 1
1 362991 0
-1 0 0
