91
1 0 0
0 0 1
1 1.15822e+07 0
2 0 0
0 0 1
1 1.03708e+07 0
3 0 0
0 0 1
1 9.05907e+06 0
4 0 0
0 0 1
1 7.59148e+06 0
5 0 0
0 0 1
1 6.07164e+06 0
6 0 0
0 0 1
1 4.7232e+06 0
7 0 0
0 0 1
1 3.68589e+06 0
8 0 0
0 0 1
1 2.93041e+06 0
9 0 0
0 0 1
1 2.36339e+06 0
10 0 0
0 0 1
1 1.93411e+06 0
11 0 0
0 0 1
1 1.62166e+06 0
12 0 0
0 0 1
1 1.38917e+06 0
13 0 0
0 0 1
1 1.19798e+06 0
14 0 0
0 0 1
1 1.03718e+06 0
15 0 0
0 0 1
1 907934 0
16 0 0
0 0 1
1 798559 0
17 0 0
0 0 1
1 697208 0
18 0 0
0 0 1
1 610338 0
19 0 0
0 0 1
1 547388 0
20 0 0
0 0 1
1 500692 0
21 0 0
0 0 1
1 457733 0
22 0 0
0 0 1
1 420846 0
23 0 0
0 0 1
1 398690 0
24 0 0
0 0 1
1 388408 0
25 0 0
0 0 1
1 381083 0
26 0 0
0 0 1
1 376800 0
27 0 0
0 0 1
1 381102 0
28 0 0
0 0 1
1 392715 0
29 0 0
0 0 1
1 405810 0
30 0 0
0 0 1
1 419067 0
-1 0 0
