91
1 0 0
0 0 1
1 1.32714e+07 0
2 0 0
0 0 1
1 1.12737e+07 0
3 0 0
0 0 1
1 9.11945e+06 0
4 0 0
0 0 1
1 7.18276e+06 0
5 0 0
0 0 1
1 5.67375e+06 0
6 0 0
0 0 1
1 4.57814e+06 0
7 0 0
0 0 1
1 3.77505e+06 0
8 0 0
0 0 1
1 3.17224e+06 0
9 0 0
0 0 1
1 2.72351e+06 0
10 0 0
0 0 1
1 2.38315e+06 0
11 0 0
0 0 1
1 2.10351e+06 0
12 0 0
0 0 1
1 1.86353e+06 0
13 0 0
0 0 1
1 1.66307e+06 0
14 0 0
0 0 1
1 1.49454e+06 0
15 0 0
0 0 1
1 1.34337e+06 0
16 0 0
0 0 1
1 1.20821e+06 0
17 0 0
0 0 1
1 1.09731e+06 0
18 0 0
0 0 1
1 1.0086e+06 0
19 0 0
0 0 1
1 931448 0
20 0 0
0 0 1
1 863749 0
21 0 0
0 0 1
1 810915 0
22 0 0
0 0 1
1 770779 0
23 0 0
0 0 1
1 734789 0
24 0 0
0 0 1
1 702482 0
25 0 0
0 0 1
1 681296 0
26 0 0
0 0 1
1 672613 0
27 0 0
0 0 1
1 669377 0
28 0 0
0 0 1
1 667301 0
29 0 0
0 0 1
1 668800 0
30 0 0
0 0 1
1 676216 0
-1 0 0
