91
1 0 0
0 0 1
1 8.0663e+06 0
2 0 0
0 0 1
1 6.80723e+06 0
3 0 0
0 0 1
1 5.6016e+06 0
4 0 0
0 0 1
1 4.54953e+06 0
5 0 0
0 0 1
1 3.67548e+06 0
6 0 0
0 0 1
1 2.98712e+06 0
7 0 0
0 0 1
1 2.46124e+06 0
8 0 0
0 0 1
1 2.04747e+06 0
9 0 0
0 0 1
1 1.71015e+06 0
10 0 0
0 0 1
1 1.44066e+06 0
11 0 0
0 0 1
1 1.22904e+06 0
12 0 0
0 0 1
1 1.05364e+06 0
13 0 0
0 0 1
1 902439 0
14 0 0
0 0 1
1 778982 0
15 0 0
0 0 1
1 682487 0
16 0 0
0 0 1
1 601514 0
17 0 0
0 0 1
1 530242 0
18 0 0
0 0 1
1 472997 0
19 0 0
0 0 1
1 429470 0
20 0 0
0 0 1
1 391130 0
21 0 0
0 0 1
1 355199 0
22 0 0
0 0 1
1 327991 0
23 0 0
0 0 1
1 311461 0
24 0 0
0 0 1
1 299077 0
25 0 0
0 0 1
1 287832 0
26 0 0
0 0 1
1 282776 0
27 0 0
0 0 1
1 286656 0
28 0 0
0 0 1
1 295083 0
29 0 0
0 0 1
1 304592 0
30 0 0
0 0 1
1 316647 0
-1 0 0
