91
1 0 0
0 0 1
1 7.10333e+06 0
2 0 0
0 0 1
1 6.2194e+06 0
3 0 0
0 0 1
1 5.2587e+06 0
4 0 0
0 0 1
1 4.30884e+06 0
5 0 0
0 0 1
1 3.45962e+06 0
6 0 0
0 0 1
1 2.7641e+06 0
7 0 0
0 0 1
1 2.22081e+06 0
8 0 0
0 0 1
1 1.80327e+06 0
9 0 0
0 0 1
1 1.48741e+06 0
10 0 0
0 0 1
1 1.24904e+06 0
11 0 0
0 0 1
1 1.06081e+06 0
12 0 0
0 0 1
1 905212 0
13 0 0
0 0 1
1 779210 0
14 0 0
0 0 1
1 679850 0
15 0 0
0 0 1
1 596871 0
16 0 0
0 0 1
1 523441 0
17 0 0
0 0 1
1 461896 0
18 0 0
0 0 1
1 413395 0
19 0 0
0 0 1
1 371993 0
20 0 0
0 0 1
1 333666 0
21 0 0
0 0 1
1 301730 0
22 0 0
0 0 1
1 278528 0
23 0 0
0 0 1
1 260065 0
24 0 0
0 0 1
1 243262 0
25 0 0
0 0 1
1 230753 0
26 0 0
0 0 1
1 224351 0
27 0 0
0 0 1
1 221023 0
28 0 0
0 0 1
1 219258 0
29 0 0
0 0 1
1 222450 0
30 0 0
0 0 1
1 231925 0
-1 0 0
