91
1 0 0
0 0 1
1 1.52171e+07 0
2 0 0
0 0 1
1 1.27772e+07 0
3 0 0
0 0 1
1 1.0255e+07 0
4 0 0
0 0 1
1 7.93093e+06 0
5 0 0
0 0 1
1 6.02912e+06 0
6 0 0
0 0 1
1 4.64208e+06 0
7 0 0
0 0 1
1 3.6926e+06 0
8 0 0
0 0 1
1 3.02391e+06 0
9 0 0
0 0 1
1 2.52451e+06 0
10 0 0
0 0 1
1 2.15017e+06 0
11 0 0
0 0 1
1 1.86693e+06 0
12 0 0
0 0 1
1 1.6311e+06 0
13 0 0
0 0 1
1 1.42087e+06 0
14 0 0
0 0 1
1 1.24278e+06 0
15 0 0
0 0 1
1 1.09865e+06 0
16 0 0
0 0 1
1 973625 0
17 0 0
0 0 1
1 859465 0
18 0 0
0 0 1
1 763601 0
19 0 0
0 0 1
1 689354 0
20 0 0
0 0 1
1 627886 0
21 0 0
0 0 1
1 574464 0
22 0 0
0 0 1
1 534490 0
23 0 0
0 0 1
1 508707 0
24 0 0
0 0 1
1 488339 0
25 0 0
0 0 1
1 469556 0
26 0 0
0 0 1
1 459101 0
27 0 0
0 0 1
1 461625 0
28 0 0
0 0 1
1 473611 0
29 0 0
0 0 1
1 492824 0
30 0 0
0 0 1
1 521938 0
-1 0 0
