91
1 0 0
0 0 1
1 1.18787e+07 0
2 0 0
0 0 1
1 1.04328e+07 0
3 0 0
0 0 1
1 8.94898e+06 0
4 0 0
0 0 1
1 7.55364e+06 0
5 0 0
0 0 1
1 6.32465e+06 0
6 0 0
0 0 1
1 5.29e+06 0
7 0 0
0 0 1
1 4.44426e+06 0
8 0 0
0 0 1
1 3.763e+06 0
9 0 0
0 0 1
1 3.21221e+06 0
10 0 0
0 0 1
1 2.75973e+06 0
11 0 0
0 0 1
1 2.38425e+06 0
12 0 0
0 0 1
1 2.07352e+06 0
13 0 0
0 0 1
1 1.81694e+06 0
14 0 0
0 0 1
1 1.60335e+06 0
15 0 0
0 0 1
1 1.42362e+06 0
16 0 0
0 0 1
1 1.27132e+06 0
17 0 0
0 0 1
1 1.14174e+06 0
18 0 0
0 0 1
1 1.03246e+06 0
19 0 0
0 0 1
1 942803 0
20 0 0
0 0 1
1 870108 0
21 0 0
0 0 1
1 808732 0
22 0 0
0 0 1
1 755353 0
23 0 0
0 0 1
1 712362 0
24 0 0
0 0 1
1 682484 0
25 0 0
0 0 1
1 662560 0
26 0 0
0 0 1
1 646957 0
27 0 0
0 0 1
1 635381 0
28 0 0
0 0 1
1 632478 0
29 0 0
0 0 1
1 640031 0
30 0 0
0 0 1
1 653581 0
-1 0 0
