91
1 0 0
0 0 1
1 1.62169e+07 0
2 0 0
0 0 1
1 1.38289e+07 0
3 0 0
0 0 1
1 1.13042e+07 0
4 0 0
0 0 1
1 8.95417e+06 0
5 0 0
0 0 1
1 6.9515e+06 0
6 0 0
0 0 1
1 5.41458e+06 0
7 0 0
0 0 1
1 4.34661e+06 0
8 0 0
0 0 1
1 3.61176e+06 0
9 0 0
0 0 1
1 3.06057e+06 0
10 0 0
0 0 1
1 2.63506e+06 0
11 0 0
0 0 1
1 2.32234e+06 0
12 0 0
0 0 1
1 2.07935e+06 0
13 0 0
0 0 1
1 1.85912e+06 0
14 0 0
0 0 1
1 1.66138e+06 0
15 0 0
0 0 1
1 1.50361e+06 0
16 0 0
0 0 1
1 1.37282e+06 0
17 0 0
0 0 1
1 1.24646e+06 0
18 0 0
0 0 1
1 1.13207e+06 0
19 0 0
0 0 1
1 1.04749e+06 0
20 0 0
0 0 1
1 983600 0
21 0 0
0 0 1
1 920416 0
22 0 0
0 0 1
1 861081 0
23 0 0
0 0 1
1 819752 0
24 0 0
0 0 1
1 792284 0
25 0 0
0 0 1
1 766382 0
26 0 0
0 0 1
1 746480 0
27 0 0
0 0 1
1 743597 0
28 0 0
0 0 1
1 752927 0
29 0 0
0 0 1
1 763250 0
30 0 0
0 0 1
1 776353 0
-1 0 0
