91
1 0 0
0 0 1
1 7.61927e+06 0
2 0 0
0 0 1
1 6.59974e+06 0
3 0 0
0 0 1
1 5.5819e+06 0
4 0 0
0 0 1
1 4.64258e+06 0
5 0 0
0 0 1
1 3.83255e+06 0
6 0 0
0 0 1
1 3.16608e+06 0
7 0 0
0 0 1
1 2.62875e+06 0
8 0 0
0 0 1
1 2.19984e+06 0
9 0 0
0 0 1
1 1.86116e+06 0
10 0 0
0 0 1
1 1.59184e+06 0
11 0 0
0 0 1
1 1.37016e+06 0
12 0 0
0 0 1
1 1.18342e+06 0
13 0 0
0 0 1
1 1.02828e+06 0
14 0 0
0 0 1
1 900859 0
15 0 0
0 0 1
1 793220 0
16 0 0
0 0 1
1 699902 0
17 0 0
0 0 1
1 620937 0
18 0 0
0 0 1
1 556540 0
19 0 0
0 0 1
1 503875 0
20 0 0
0 0 1
1 460547 0
21 0 0
0 0 1
1 426541 0
22 0 0
0 0 1
1 400619 0
23 0 0
0 0 1
1 378647 0
24 0 0
0 0 1
1 357810 0
25 0 0
0 0 1
1 339664 0
26 0 0
0 0 1
1 327056 0
27 0 0
0 0 1
1 320549 0
28 0 0
0 0 1
1 319905 0
29 0 0
0 0 1
1 326771 0
30 0 0
0 0 1
1 342951 0
-1 0 0
