91
1 0 0
0 0 1
1 1.33957e+07 0
2 0 0
0 0 1
1 1.1602e+07 0
3 0 0
0 0 1
1 9.97854e+06 0
4 0 0
0 0 1
1 8.61697e+06 0
5 0 0
0 0 1
1 7.47365e+06 0
6 0 0
0 0 1
1 6.48924e+06 0
7 0 0
0 0 1
1 5.6217e+06 0
8 0 0
0 0 1
1 4.83776e+06 0
9 0 0
0 0 1
1 4.1217e+06 0
10 0 0
0 0 1
1 3.48297e+06 0
11 0 0
0 0 1
1 2.93619e+06 0
12 0 0
0 0 1
1 2.4798e+06 0
13 0 0
0 0 1
1 2.1018e+06 0
14 0 0
0 0 1
1 1.7938e+06 0
15 0 0
0 0 1
1 1.54853e+06 0
16 0 0
0 0 1
1 1.35307e+06 0
17 0 0
0 0 1
1 1.19486e+06 0
18 0 0
0 0 1
1 1.06815e+06 0
19 0 0
0 0 1
1 967567 0
20 0 0
0 0 1
1 882476 0
21 0 0
0 0 1
1 805039 0
22 0 0
0 0 1
1 737725 0
23 0 0
0 0 1
1 685846 0
24 0 0
0 0 1
1 647933 0
25 0 0
0 0 1
1 619398 0
26 0 0
0 0 1
1 599950 0
27 0 0
0 0 1
1 590769 0
28 0 0
0 0 1
1 589260 0
29 0 0
0 0 1
1 593302 0
30 0 0
0 0 1
1 606511 0
-1 0 0
