91
1 0 0
0 0 1
1 1.20066e+07 0
2 0 0
0 0 1
1 1.04098e+07 0
3 0 0
0 0 1
1 8.68042e+06 0
4 0 0
0 0 1
1 7.036e+06 0
5 0 0
0 0 1
1 5.66737e+06 0
6 0 0
0 0 1
1 4.62459e+06 0
7 0 0
0 0 1
1 3.83952e+06 0
8 0 0
0 0 1
1 3.2318e+06 0
9 0 0
0 0 1
1 2.75958e+06 0
10 0 0
0 0 1
1 2.39343e+06 0
11 0 0
0 0 1
1 2.09623e+06 0
12 0 0
0 0 1
1 1.8423e+06 0
13 0 0
0 0 1
1 1.62829e+06 0
14 0 0
0 0 1
1 1.45345e+06 0
15 0 0
0 0 1
1 1.30598e+06 0
16 0 0
0 0 1
1 1.17528e+06 0
17 0 0
0 0 1
1 1.06178e+06 0
18 0 0
0 0 1
1 967056 0
19 0 0
0 0 1
1 886033 0
20 0 0
0 0 1
1 815335 0
21 0 0
0 0 1
1 758713 0
22 0 0
0 0 1
1 717747 0
23 0 0
0 0 1
1 685651 0
24 0 0
0 0 1
1 655950 0
25 0 0
0 0 1
1 630215 0
26 0 0
0 0 1
1 612294 0
27 0 0
0 0 1
1 601433 0
28 0 0
0 0 1
1 595878 0
29 0 0
0 0 1
1 597660 0
30 0 0
0 0 1
1 608778 0
-1 0 0
