91
1 0 0
0 0 1
1 1.09701e+07 0
2 0 0
0 0 1
1 9.90658e+06 0
3 0 0
0 0 1
1 8.71224e+06 0
4 0 0
0 0 1
1 7.50051e+06 0
5 0 0
0 0 1
1 6.37843e+06 0
6 0 0
0 0 1
1 5.3943e+06 0
7 0 0
0 0 1
1 4.54702e+06 0
8 0 0
0 0 1
1 3.82483e+06 0
9 0 0
0 0 1
1 3.22089e+06 0
10 0 0
0 0 1
1 2.72427e+06 0
11 0 0
0 0 1
1 2.31673e+06 0
12 0 0
0 0 1
1 1.98133e+06 0
13 0 0
0 0 1
1 1.70592e+06 0
14 0 0
0 0 1
1 1.4784e+06 0
15 0 0
0 0 1
1 1.28683e+06 0
16 0 0
0 0 1
1 1.12537e+06 0
17 0 0
0 0 1
1 993671 0
18 0 0
0 0 1
1 888875 0
19 0 0
0 0 1
1 803224 0
20 0 0
0 0 1
1 730790 0
21 0 0
0 0 1
1 671566 0
22 0 0
0 0 1
1 626712 0
23 0 0
0 0 1
1 593721 0
24 0 0
0 0 1
1 568779 0
25 0 0
0 0 1
1 550966 0
26 0 0
0 0 1
1 541557 0
27 0 0
0 0 1
1 541004 0
28 0 0
0 0 1
1 548523 0
29 0 0
0 0 1
1 562769 0
30 0 0
0 0 1
1 580696 0
-1 0 0
