91
1 0 0
0 0 1
1 1.7351e+06 0
2 0 0
0 0 1
1 1.51873e+06 0
3 0 0
0 0 1
1 1.29664e+06 0
4 0 0
0 0 1
1 1.08982e+06 0
5 0 0
0 0 1
1 913693 0
6 0 0
0 0 1
1 770722 0
7 0 0
0 0 1
1 653334 0
8 0 0
0 0 1
1 554312 0
9 0 0
0 0 1
1 471228 0
10 0 0
0 0 1
1 402639 0
11 0 0
0 0 1
1 345497 0
12 0 0
0 0 1
1 297445 0
13 0 0
0 0 1
1 258074 0
14 0 0
0 0 1
1 226594 0
15 0 0
0 0 1
1 200690 0
16 0 0
0 0 1
1 178544 0
17 0 0
0 0 1
1 159914 0
18 0 0
0 0 1
1 144516 0
19 0 0
0 0 1
1 131251 0
20 0 0
0 0 1
1 119650 0
21 0 0
0 0 1
1 110348 0
22 0 0
0 0 1
1 103443 0
23 0 0
0 0 1
1 97889 0
24 0 0
0 0 1
1 93073 0
25 0 0
0 0 1
1 89622 0
26 0 0
0 0 1
1 88099 0
27 0 0
0 0 1
1 88120 0
28 0 0
0 0 1
1 89176 0
29 0 0
0 0 1
1 91088 0
30 0 0
0 0 1
1 93222 0
-1 0 0
