91
1 0 0
0 0 1
1 1.38762e+07 0
2 0 0
0 0 1
1 1.22933e+07 0
3 0 0
0 0 1
1 1.0486e+07 0
4 0 0
0 0 1
1 8.6938e+06 0
5 0 0
0 0 1
1 7.11607e+06 0
6 0 0
0 0 1
1 5.82979e+06 0
7 0 0
0 0 1
1 4.81006e+06 0
8 0 0
0 0 1
1 4.00893e+06 0
9 0 0
0 0 1
1 3.39103e+06 0
10 0 0
0 0 1
1 2.91706e+06 0
11 0 0
0 0 1
1 2.53988e+06 0
12 0 0
0 0 1
1 2.22762e+06 0
13 0 0
0 0 1
1 1.97013e+06 0
14 0 0
0 0 1
1 1.75887e+06 0
15 0 0
0 0 1
1 1.57811e+06 0
16 0 0
0 0 1
1 1.41854e+06 0
17 0 0
0 0 1
1 1.28233e+06 0
18 0 0
0 0 1
1 1.16992e+06 0
19 0 0
0 0 1
1 1.07403e+06 0
20 0 0
0 0 1
1 989815 0
21 0 0
0 0 1
1 919196 0
22 0 0
0 0 1
1 862367 0
23 0 0
0 0 1
1 815050 0
24 0 0
0 0 1
1 776117 0
25 0 0
0 0 1
1 748329 0
26 0 0
0 0 1
1 730219 0
27 0 0
0 0 1
1 716641 0
28 0 0
0 0 1
1 708211 0
29 0 0
0 0 1
1 710449 0
30 0 0
0 0 1
1 722376 0
-1 0 0
