91
1 0 0
0 0 1
1 5.84458e+06 0
2 0 0
0 0 1
1 5.14149e+06 0
3 0 0
0 0 1
1 4.4692e+06 0
4 0 0
0 0 1
1 3.86102e+06 0
5 0 0
0 0 1
1 3.32165e+06 0
6 0 0
0 0 1
1 2.85396e+06 0
7 0 0
0 0 1
1 2.45646e+06 0
8 0 0
0 0 1
1 2.12011e+06 0
9 0 0
0 0 1
1 1.83546e+06 0
10 0 0
0 0 1
1 1.59612e+06 0
11 0 0
0 0 1
1 1.39518e+06 0
12 0 0
0 0 1
1 1.22451e+06 0
13 0 0
0 0 1
1 1.0783e+06 0
14 0 0
0 0 1
1 953074 0
15 0 0
0 0 1
1 845191 0
16 0 0
0 0 1
1 751435 0
17 0 0
0 0 1
1 670862 0
18 0 0
0 0 1
1 603074 0
19 0 0
0 0 1
1 545925 0
20 0 0
0 0 1
1 497348 0
21 0 0
0 0 1
1 457579 0
22 0 0
0 0 1
1 427002 0
23 0 0
0 0 1
1 403544 0
24 0 0
0 0 1
1 384845 0
25 0 0
0 0 1
1 371319 0
26 0 0
0 0 1
1 364418 0
27 0 0
0 0 1
1 363072 0
28 0 0
0 0 1
1 364156 0
29 0 0
0 0 1
1 365381 0
30 0 0
0 0 1
1 365954 0
-1 0 0
