91
1 0 0
0 0 1
1 7.94448e+06 0
2 0 0
0 0 1
1 7.03793e+06 0
3 0 0
0 0 1
1 5.96101e+06 0
4 0 0
0 0 1
1 4.81734e+06 0
5 0 0
0 0 1
1 3.80045e+06 0
6 0 0
0 0 1
1 3.02473e+06 0
7 0 0
0 0 1
1 2.4608e+06 0
8 0 0
0 0 1
1 2.03118e+06 0
9 0 0
0 0 1
1 1.69959e+06 0
10 0 0
0 0 1
1 1.45351e+06 0
11 0 0
0 0 1
1 1.26354e+06 0
12 0 0
0 0 1
1 1.09977e+06 0
13 0 0
0 0 1
1 958901 0
14 0 0
0 0 1
1 846839 0
15 0 0
0 0 1
1 754160 0
16 0 0
0 0 1
1 668586 0
17 0 0
0 0 1
1 593653 0
18 0 0
0 0 1
1 536355 0
19 0 0
0 0 1
1 490365 0
20 0 0
0 0 1
1 446951 0
21 0 0
0 0 1
1 409821 0
22 0 0
0 0 1
1 385011 0
23 0 0
0 0 1
1 367261 0
24 0 0
0 0 1
1 349393 0
25 0 0
0 0 1
1 335284 0
26 0 0
0 0 1
1 331384 0
27 0 0
0 0 1
1 333986 0
28 0 0
0 0 1
1 336038 0
29 0 0
0 0 1
1 339023 0
30 0 0
0 0 1
1 347907 0
-1 0 0
