91
1 0 0
0 0 1
1 5.72184e+06 0
2 0 0
0 0 1
1 4.88108e+06 0
3 0 0
0 0 1
1 4.03978e+06 0
4 0 0
0 0 1
1 3.3085e+06 0
5 0 0
0 0 1
1 2.71082e+06 0
6 0 0
0 0 1
1 2.22926e+06 0
7 0 0
0 0 1
1 1.85125e+06 0
8 0 0
0 0 1
1 1.56498e+06 0
9 0 0
0 0 1
1 1.34541e+06 0
10 0 0
0 0 1
1 1.16739e+06 0
11 0 0
0 0 1
1 1.02125e+06 0
12 0 0
0 0 1
1 904038 0
13 0 0
0 0 1
1 806702 0
14 0 0
0 0 1
1 720339 0
15 0 0
0 0 1
1 645677 0
16 0 0
0 0 1
1 586120 0
17 0 0
0 0 1
1 537805 0
18 0 0
0 0 1
1 494540 0
19 0 0
0 0 1
1 456461 0
20 0 0
0 0 1
1 426186 0
21 0 0
0 0 1
1 401599 0
22 0 0
0 0 1
1 379532 0
23 0 0
0 0 1
1 362007 0
24 0 0
0 0 1
1 351986 0
25 0 0
0 0 1
1 346742 0
26 0 0
0 0 1
1 341900 0
27 0 0
0 0 1
1 338801 0
28 0 0
0 0 1
1 341657 0
29 0 0
0 0 1
1 349785 0
30 0 0
0 0 1
1 358235 0
-1 0 0
