91
1 0 0
0 0 1
1 1.2871e+07 0
2 0 0
0 0 1
1 1.1713e+07 0
3 0 0
0 0 1
1 1.07654e+07 0
4 0 0
0 0 1
1 9.91299e+06 0
5 0 0
0 0 1
1 9.05991e+06 0
6 0 0
0 0 1
1 8.15982e+06 0
7 0 0
0 0 1
1 7.17737e+06 0
8 0 0
0 0 1
1 6.12714e+06 0
9 0 0
0 0 1
1 5.10253e+06 0
10 0 0
0 0 1
1 4.20337e+06 0
11 0 0
0 0 1
1 3.45982e+06 0
12 0 0
0 0 1
1 2.85512e+06 0
13 0 0
0 0 1
1 2.37946e+06 0
14 0 0
0 0 1
1 2.02265e+06 0
15 0 0
0 0 1
1 1.7486e+06 0
16 0 0
0 0 1
1 1.51974e+06 0
17 0 0
0 0 1
1 1.32947e+06 0
18 0 0
0 0 1
1 1.18246e+06 0
19 0 0
0 0 1
1 1.06324e+06 0
20 0 0
0 0 1
1 951603 0
21 0 0
0 0 1
1 850735 0
22 0 0
0 0 1
1 773636 0
23 0 0
0 0 1
1 715728 0
24 0 0
0 0 1
1 664087 0
25 0 0
0 0 1
1 620707 0
26 0 0
0 0 1
1 594674 0
27 0 0
0 0 1
1 582181 0
28 0 0
0 0 1
1 574019 0
29 0 0
0 0 1
1 573242 0
30 0 0
0 0 1
1 587505 0
-1 0 0
