91
1 0 0
0 0 1
1 6.47908e+06 0
2 0 0
0 0 1
1 5.53979e+06 0
3 0 0
0 0 1
1 4.5951e+06 0
4 0 0
0 0 1
1 3.72742e+06 0
5 0 0
0 0 1
1 2.96241e+06 0
6 0 0
0 0 1
1 2.33715e+06 0
7 0 0
0 0 1
1 1.87434e+06 0
8 0 0
0 0 1
1 1.54426e+06 0
9 0 0
0 0 1
1 1.29519e+06 0
10 0 0
0 0 1
1 1.10081e+06 0
11 0 0
0 0 1
1 954907 0
12 0 0
0 0 1
1 842598 0
13 0 0
0 0 1
1 744166 0
14 0 0
0 0 1
1 655579 0
15 0 0
0 0 1
1 583326 0
16 0 0
0 0 1
1 525559 0
17 0 0
0 0 1
1 474002 0
18 0 0
0 0 1
1 427847 0
19 0 0
0 0 1
1 391519 0
20 0 0
0 0 1
1 363275 0
21 0 0
0 0 1
1 337691 0
22 0 0
0 0 1
1 315425 0
23 0 0
0 0 1
1 300587 0
24 0 0
0 0 1
1 291903 0
25 0 0
0 0 1
1 284957 0
26 0 0
0 0 1
1 279953 0
27 0 0
0 0 1
1 279916 0
28 0 0
0 0 1
1 284161 0
29 0 0
0 0 1
1 289686 0
30 0 0
0 0 1
1 295898 0
-1 0 0
