91
1 0 0
0 0 1
1 6.24621e+06 0
2 0 0
0 0 1
1 5.50868e+06 0
3 0 0
0 0 1
1 4.81809e+06 0
4 0 0
0 0 1
1 4.15242e+06 0
5 0 0
0 0 1
1 3.49599e+06 0
6 0 0
0 0 1
1 2.89071e+06 0
7 0 0
0 0 1
1 2.38066e+06 0
8 0 0
0 0 1
1 1.9646e+06 0
9 0 0
0 0 1
1 1.62254e+06 0
10 0 0
0 0 1
1 1.35003e+06 0
11 0 0
0 0 1
1 1.14452e+06 0
12 0 0
0 0 1
1 985858 0
13 0 0
0 0 1
1 852874 0
14 0 0
0 0 1
1 742665 0
15 0 0
0 0 1
1 657836 0
16 0 0
0 0 1
1 589781 0
17 0 0
0 0 1
1 528779 0
18 0 0
0 0 1
1 477343 0
19 0 0
0 0 1
1 439913 0
20 0 0
0 0 1
1 410091 0
21 0 0
0 0 1
1 380152 0
22 0 0
0 0 1
1 353622 0
23 0 0
0 0 1
1 336979 0
24 0 0
0 0 1
1 327155 0
25 0 0
0 0 1
1 317899 0
26 0 0
0 0 1
1 311292 0
27 0 0
0 0 1
1 312688 0
28 0 0
0 0 1
1 320124 0
29 0 0
0 0 1
1 327959 0
30 0 0
0 0 1
1 335880 0
-1 0 0
