91
1 0 0
0 0 1
1 1.30091e+07 0
2 0 0
0 0 1
1 1.13083e+07 0
3 0 0
0 0 1
1 9.39754e+06 0
4 0 0
0 0 1
1 7.59049e+06 0
5 0 0
0 0 1
1 6.07576e+06 0
6 0 0
0 0 1
1 4.89549e+06 0
7 0 0
0 0 1
1 4.01222e+06 0
8 0 0
0 0 1
1 3.36226e+06 0
9 0 0
0 0 1
1 2.87784e+06 0
10 0 0
0 0 1
1 2.50392e+06 0
11 0 0
0 0 1
1 2.20704e+06 0
12 0 0
0 0 1
1 1.96653e+06 0
13 0 0
0 0 1
1 1.76439e+06 0
14 0 0
0 0 1
1 1.58892e+06 0
15 0 0
0 0 1
1 1.43816e+06 0
16 0 0
0 0 1
1 1.31144e+06 0
17 0 0
0 0 1
1 1.20273e+06 0
18 0 0
0 0 1
1 1.10712e+06 0
19 0 0
0 0 1
1 1.02673e+06 0
20 0 0
0 0 1
1 963989 0
21 0 0
0 0 1
1 914283 0
22 0 0
0 0 1
1 870684 0
23 0 0
0 0 1
1 831886 0
24 0 0
0 0 1
1 800570 0
25 0 0
0 0 1
1 777476 0
26 0 0
0 0 1
1 761540 0
27 0 0
0 0 1
1 753418 0
28 0 0
0 0 1
1 755278 0
29 0 0
0 0 1
1 768300 0
30 0 0
0 0 1
1 791320 0
-1 0 0
