91
1 0 0
0 0 1
1 6.99911e+06 0
2 0 0
0 0 1
1 6.38033e+06 0
3 0 0
0 0 1
1 5.64527e+06 0
4 0 0
0 0 1
1 4.79972e+06 0
5 0 0
0 0 1
1 3.97421e+06 0
6 0 0
0 0 1
1 3.27246e+06 0
7 0 0
0 0 1
1 2.69819e+06 0
8 0 0
0 0 1
1 2.22133e+06 0
9 0 0
0 0 1
1 1.83588e+06 0
10 0 0
0 0 1
1 1.53701e+06 0
11 0 0
0 0 1
1 1.29807e+06 0
12 0 0
0 0 1
1 1.09619e+06 0
13 0 0
0 0 1
1 930868 0
14 0 0
0 0 1
1 802507 0
15 0 0
0 0 1
1 697570 0
16 0 0
0 0 1
1 605843 0
17 0 0
0 0 1
1 531059 0
18 0 0
0 0 1
1 474765 0
19 0 0
0 0 1
1 427581 0
20 0 0
0 0 1
1 384121 0
21 0 0
0 0 1
1 350216 0
22 0 0
0 0 1
1 328262 0
23 0 0
0 0 1
1 310056 0
24 0 0
0 0 1
1 290788 0
25 0 0
0 0 1
1 276946 0
26 0 0
0 0 1
1 273870 0
27 0 0
0 0 1
1 276902 0
28 0 0
0 0 1
1 280783 0
29 0 0
0 0 1
1 287668 0
30 0 0
0 0 1
1 300277 0
-1 0 0
