91
1 0 0
0 0 1
1 5.36306e+06 0
2 0 0
0 0 1
1 4.69398e+06 0
3 0 0
0 0 1
1 4.05542e+06 0
4 0 0
0 0 1
1 3.48552e+06 0
5 0 0
0 0 1
1 2.99086e+06 0
6 0 0
0 0 1
1 2.56886e+06 0
7 0 0
0 0 1
1 2.21408e+06 0
8 0 0
0 0 1
1 1.91771e+06 0
9 0 0
0 0 1
1 1.67006e+06 0
10 0 0
0 0 1
1 1.46313e+06 0
11 0 0
0 0 1
1 1.2899e+06 0
12 0 0
0 0 1
1 1.14415e+06 0
13 0 0
0 0 1
1 1.0216e+06 0
14 0 0
0 0 1
1 919117 0
15 0 0
0 0 1
1 832621 0
16 0 0
0 0 1
1 757942 0
17 0 0
0 0 1
1 693506 0
18 0 0
0 0 1
1 639604 0
19 0 0
0 0 1
1 595093 0
20 0 0
0 0 1
1 557213 0
21 0 0
0 0 1
1 524486 0
22 0 0
0 0 1
1 497217 0
23 0 0
0 0 1
1 475141 0
24 0 0
0 0 1
1 457134 0
25 0 0
0 0 1
1 443402 0
26 0 0
0 0 1
1 435179 0
27 0 0
0 0 1
1 431714 0
28 0 0
0 0 1
1 430051 0
29 0 0
0 0 1
1 428548 0
30 0 0
0 0 1
1 428194 0
-1 0 0
