91
1 0 0
0 0 1
1 5.87663e+06 0
2 0 0
0 0 1
1 5.33476e+06 0
3 0 0
0 0 1
1 4.74124e+06 0
4 0 0
0 0 1
1 4.13546e+06 0
5 0 0
0 0 1
1 3.56218e+06 0
6 0 0
0 0 1
1 3.0512e+06 0
7 0 0
0 0 1
1 2.60979e+06 0
8 0 0
0 0 1
1 2.23423e+06 0
9 0 0
0 0 1
1 1.92089e+06 0
10 0 0
0 0 1
1 1.66487e+06 0
11 0 0
0 0 1
1 1.4565e+06 0
12 0 0
0 0 1
1 1.2851e+06 0
13 0 0
0 0 1
1 1.14357e+06 0
14 0 0
0 0 1
1 1.02694e+06 0
15 0 0
0 0 1
1 929683 0
16 0 0
0 0 1
1 847198 0
17 0 0
0 0 1
1 777627 0
18 0 0
0 0 1
1 719728 0
19 0 0
0 0 1
1 670855 0
20 0 0
0 0 1
1 628744 0
21 0 0
0 0 1
1 593166 0
22 0 0
0 0 1
1 564003 0
23 0 0
0 0 1
1 539525 0
24 0 0
0 0 1
1 518276 0
25 0 0
0 0 1
1 500886 0
26 0 0
0 0 1
1 488354 0
27 0 0
0 0 1
1 480154 0
28 0 0
0 0 1
1 475558 0
29 0 0
0 0 1
1 475097 0
30 0 0
0 0 1
1 478797 0
-1 0 0
