91
1 0 0
0 0 1
1 1.14069e+07 0
2 0 0
0 0 1
1 9.96147e+06 0
3 0 0
0 0 1
1 8.27733e+06 0
4 0 0
0 0 1
1 6.68071e+06 0
5 0 0
0 0 1
1 5.44158e+06 0
6 0 0
0 0 1
1 4.5557e+06 0
7 0 0
0 0 1
1 3.86788e+06 0
8 0 0
0 0 1
1 3.29958e+06 0
9 0 0
0 0 1
1 2.86293e+06 0
10 0 0
0 0 1
1 2.53802e+06 0
11 0 0
0 0 1
1 2.26007e+06 0
12 0 0
0 0 1
1 2.00421e+06 0
13 0 0
0 0 1
1 1.79266e+06 0
14 0 0
0 0 1
1 1.62503e+06 0
15 0 0
0 0 1
1 1.4702e+06 0
16 0 0
0 0 1
1 1.32164e+06 0
17 0 0
0 0 1
1 1.20152e+06 0
18 0 0
0 0 1
1 1.11092e+06 0
19 0 0
0 0 1
1 1.02563e+06 0
20 0 0
0 0 1
1 940804 0
21 0 0
0 0 1
1 875533 0
22 0 0
0 0 1
1 832115 0
23 0 0
0 0 1
1 790698 0
24 0 0
0 0 1
1 746266 0
25 0 0
0 0 1
1 714725 0
26 0 0
0 0 1
1 699476 0
27 0 0
0 0 1
1 684959 0
28 0 0
0 0 1
1 666877 0
29 0 0
0 0 1
1 658715 0
30 0 0
0 0 1
1 664155 0
-1 0 0
