91
1 0 0
0 0 1
1 6.61741e+06 0
2 0 0
0 0 1
1 5.78357e+06 0
3 0 0
0 0 1
1 4.99861e+06 0
4 0 0
0 0 1
1 4.3127e+06 0
5 0 0
0 0 1
1 3.70389e+06 0
6 0 0
0 0 1
1 3.16318e+06 0
7 0 0
0 0 1
1 2.69756e+06 0
8 0 0
0 0 1
1 2.29812e+06 0
9 0 0
0 0 1
1 1.94679e+06 0
10 0 0
0 0 1
1 1.6406e+06 0
11 0 0
0 0 1
1 1.38516e+06 0
12 0 0
0 0 1
1 1.17474e+06 0
13 0 0
0 0 1
1 997116 0
14 0 0
0 0 1
1 849665 0
15 0 0
0 0 1
1 734602 0
16 0 0
0 0 1
1 645074 0
17 0 0
0 0 1
1 569611 0
18 0 0
0 0 1
1 505179 0
19 0 0
0 0 1
1 454348 0
20 0 0
0 0 1
1 414298 0
21 0 0
0 0 1
1 379192 0
22 0 0
0 0 1
1 349388 0
23 0 0
0 0 1
1 328648 0
24 0 0
0 0 1
1 315336 0
25 0 0
0 0 1
1 304748 0
26 0 0
0 0 1
1 297197 0
27 0 0
0 0 1
1 296052 0
28 0 0
0 0 1
1 300371 0
29 0 0
0 0 1
1 306407 0
30 0 0
0 0 1
1 313931 0
-1 0 0
