91
1 0 0
0 0 1
1 1.8823e+06 0
2 0 0
0 0 1
1 1.68598e+06 0
3 0 0
0 0 1
1 1.44929e+06 0
4 0 0
0 0 1
1 1.19424e+06 0
5 0 0
0 0 1
1 955358 0
6 0 0
0 0 1
1 759521 0
7 0 0
0 0 1
1 611401 0
8 0 0
0 0 1
1 500432 0
9 0 0
0 0 1
1 415890 0
10 0 0
0 0 1
1 351619 0
11 0 0
0 0 1
1 302141 0
12 0 0
0 0 1
1 261796 0
13 0 0
0 0 1
1 227634 0
14 0 0
0 0 1
1 199197 0
15 0 0
0 0 1
1 175476 0
16 0 0
0 0 1
1 154651 0
17 0 0
0 0 1
1 136257 0
18 0 0
0 0 1
1 121054 0
19 0 0
0 0 1
1 108864 0
20 0 0
0 0 1
1 98454 0
21 0 0
0 0 1
1 89309 0
22 0 0
0 0 1
1 81799 0
23 0 0
0 0 1
1 75805 0
24 0 0
0 0 1
1 70759 0
25 0 0
0 0 1
1 66835 0
26 0 0
0 0 1
1 64699 0
27 0 0
0 0 1
1 64206 0
28 0 0
0 0 1
1 64566 0
29 0 0
0 0 1
1 65592 0
30 0 0
0 0 1
1 67583 0
-1 0 0
