91
1 0 0
0 0 1
1 1.41493e+07 0
2 0 0
0 0 1
1 1.24459e+07 0
3 0 0
0 0 1
1 1.0564e+07 0
4 0 0
0 0 1
1 8.59394e+06 0
5 0 0
0 0 1
1 6.73113e+06 0
6 0 0
0 0 1
1 5.20478e+06 0
7 0 0
0 0 1
1 4.08694e+06 0
8 0 0
0 0 1
1 3.2784e+06 0
9 0 0
0 0 1
1 2.66672e+06 0
10 0 0
0 0 1
1 2.20986e+06 0
11 0 0
0 0 1
1 1.87859e+06 0
12 0 0
0 0 1
1 1.61743e+06 0
13 0 0
0 0 1
1 1.39046e+06 0
14 0 0
0 0 1
1 1.20396e+06 0
15 0 0
0 0 1
1 1.06046e+06 0
16 0 0
0 0 1
1 936050 0
17 0 0
0 0 1
1 818436 0
18 0 0
0 0 1
1 723763 0
19 0 0
0 0 1
1 658649 0
20 0 0
0 0 1
1 602360 0
21 0 0
0 0 1
1 542464 0
22 0 0
0 0 1
1 494744 0
23 0 0
0 0 1
1 471442 0
24 0 0
0 0 1
1 459114 0
25 0 0
0 0 1
1 444204 0
26 0 0
0 0 1
1 434881 0
27 0 0
0 0 1
1 441564 0
28 0 0
0 0 1
1 457634 0
29 0 0
0 0 1
1 473743 0
30 0 0
0 0 1
1 491888 0
-1 0 0
