91
1 0 0
0 0 1
1 5.71947e+06 0
2 0 0
0 0 1
1 5.15563e+06 0
3 0 0
0 0 1
1 4.54342e+06 0
4 0 0
0 0 1
1 3.92607e+06 0
5 0 0
0 0 1
1 3.3404e+06 0
6 0 0
0 0 1
1 2.80897e+06 0
7 0 0
0 0 1
1 2.34816e+06 0
8 0 0
0 0 1
1 1.96754e+06 0
9 0 0
0 0 1
1 1.66071e+06 0
10 0 0
0 0 1
1 1.4096e+06 0
11 0 0
0 0 1
1 1.19991e+06 0
12 0 0
0 0 1
1 1.02604e+06 0
13 0 0
0 0 1
1 883094 0
14 0 0
0 0 1
1 763744 0
15 0 0
0 0 1
1 663741 0
16 0 0
0 0 1
1 582766 0
17 0 0
0 0 1
1 518464 0
18 0 0
0 0 1
1 465361 0
19 0 0
0 0 1
1 420200 0
20 0 0
0 0 1
1 383069 0
21 0 0
0 0 1
1 352968 0
22 0 0
0 0 1
1 327327 0
23 0 0
0 0 1
1 306033 0
24 0 0
0 0 1
1 290828 0
25 0 0
0 0 1
1 280403 0
26 0 0
0 0 1
1 271159 0
27 0 0
0 0 1
1 263462 0
28 0 0
0 0 1
1 262050 0
29 0 0
0 0 1
1 268852 0
30 0 0
0 0 1
1 279790 0
-1 0 0
