91
1 0 0
0 0 1
1 1.26459e+07 0
2 0 0
0 0 1
1 1.07445e+07 0
3 0 0
0 0 1
1 8.86657e+06 0
4 0 0
0 0 1
1 7.18102e+06 0
5 0 0
0 0 1
1 5.78616e+06 0
6 0 0
0 0 1
1 4.71455e+06 0
7 0 0
0 0 1
1 3.92514e+06 0
8 0 0
0 0 1
1 3.33873e+06 0
9 0 0
0 0 1
1 2.89159e+06 0
10 0 0
0 0 1
1 2.54693e+06 0
11 0 0
0 0 1
1 2.27378e+06 0
12 0 0
0 0 1
1 2.04273e+06 0
13 0 0
0 0 1
1 1.84036e+06 0
14 0 0
0 0 1
1 1.66766e+06 0
15 0 0
0 0 1
1 1.5226e+06 0
16 0 0
0 0 1
1 1.39646e+06 0
17 0 0
0 0 1
1 1.28458e+06 0
18 0 0
0 0 1
1 1.18792e+06 0
19 0 0
0 0 1
1 1.10507e+06 0
20 0 0
0 0 1
1 1.03295e+06 0
21 0 0
0 0 1
1 973529 0
22 0 0
0 0 1
1 929749 0
23 0 0
0 0 1
1 896626 0
24 0 0
0 0 1
1 865605 0
25 0 0
0 0 1
1 836368 0
26 0 0
0 0 1
1 815897 0
27 0 0
0 0 1
1 807407 0
28 0 0
0 0 1
1 808206 0
29 0 0
0 0 1
1 816673 0
30 0 0
0 0 1
1 832952 0
-1 0 0
