91
1 0 0
0 0 1
1 1.20498e+07 0
2 0 0
0 0 1
1 1.03844e+07 0
3 0 0
0 0 1
1 8.58502e+06 0
4 0 0
0 0 1
1 6.9225e+06 0
5 0 0
0 0 1
1 5.55198e+06 0
6 0 0
0 0 1
1 4.48819e+06 0
7 0 0
0 0 1
1 3.67465e+06 0
8 0 0
0 0 1
1 3.05374e+06 0
9 0 0
0 0 1
1 2.58108e+06 0
10 0 0
0 0 1
1 2.21503e+06 0
11 0 0
0 0 1
1 1.92132e+06 0
12 0 0
0 0 1
1 1.68143e+06 0
13 0 0
0 0 1
1 1.48446e+06 0
14 0 0
0 0 1
1 1.31684e+06 0
15 0 0
0 0 1
1 1.16798e+06 0
16 0 0
0 0 1
1 1.03818e+06 0
17 0 0
0 0 1
1 931496 0
18 0 0
0 0 1
1 845210 0
19 0 0
0 0 1
1 773033 0
20 0 0
0 0 1
1 713108 0
21 0 0
0 0 1
1 665414 0
22 0 0
0 0 1
1 625835 0
23 0 0
0 0 1
1 590156 0
24 0 0
0 0 1
1 560448 0
25 0 0
0 0 1
1 540775 0
26 0 0
0 0 1
1 529702 0
27 0 0
0 0 1
1 523328 0
28 0 0
0 0 1
1 522552 0
29 0 0
0 0 1
1 530475 0
30 0 0
0 0 1
1 544806 0
-1 0 0
