91
1 0 0
0 0 1
1 7.45008e+06 0
2 0 0
0 0 1
1 6.31208e+06 0
3 0 0
0 0 1
1 5.15224e+06 0
4 0 0
0 0 1
1 4.14386e+06 0
5 0 0
0 0 1
1 3.34061e+06 0
6 0 0
0 0 1
1 2.71949e+06 0
7 0 0
0 0 1
1 2.24106e+06 0
8 0 0
0 0 1
1 1.87515e+06 0
9 0 0
0 0 1
1 1.59614e+06 0
10 0 0
0 0 1
1 1.37855e+06 0
11 0 0
0 0 1
1 1.20269e+06 0
12 0 0
0 0 1
1 1.05773e+06 0
13 0 0
0 0 1
1 937121 0
14 0 0
0 0 1
1 835001 0
15 0 0
0 0 1
1 747538 0
16 0 0
0 0 1
1 673513 0
17 0 0
0 0 1
1 611647 0
18 0 0
0 0 1
1 559417 0
19 0 0
0 0 1
1 515085 0
20 0 0
0 0 1
1 478469 0
21 0 0
0 0 1
1 448809 0
22 0 0
0 0 1
1 423818 0
23 0 0
0 0 1
1 401739 0
24 0 0
0 0 1
1 382802 0
25 0 0
0 0 1
1 367931 0
26 0 0
0 0 1
1 357274 0
27 0 0
0 0 1
1 350627 0
28 0 0
0 0 1
1 348200 0
29 0 0
0 0 1
1 350396 0
30 0 0
0 0 1
1 357569 0
-1 0 0
