91
1 0 0
0 0 1
1 6.13235e+06 0
2 0 0
0 0 1
1 5.53632e+06 0
3 0 0
0 0 1
1 4.83554e+06 0
4 0 0
0 0 1
1 4.02881e+06 0
5 0 0
0 0 1
1 3.22607e+06 0
6 0 0
0 0 1
1 2.55246e+06 0
7 0 0
0 0 1
1 2.04476e+06 0
8 0 0
0 0 1
1 1.66519e+06 0
9 0 0
0 0 1
1 1.37543e+06 0
10 0 0
0 0 1
1 1.15946e+06 0
11 0 0
0 0 1
1 998189 0
12 0 0
0 0 1
1 865694 0
13 0 0
0 0 1
1 750728 0
14 0 0
0 0 1
1 656866 0
15 0 0
0 0 1
1 581727 0
16 0 0
0 0 1
1 514712 0
17 0 0
0 0 1
1 453300 0
18 0 0
0 0 1
1 403932 0
19 0 0
0 0 1
1 366677 0
20 0 0
0 0 1
1 333504 0
21 0 0
0 0 1
1 301927 0
22 0 0
0 0 1
1 277449 0
23 0 0
0 0 1
1 261775 0
24 0 0
0 0 1
1 249728 0
25 0 0
0 0 1
1 238781 0
26 0 0
0 0 1
1 232029 0
27 0 0
0 0 1
1 230864 0
28 0 0
0 0 1
1 233060 0
29 0 0
0 0 1
1 238452 0
30 0 0
0 0 1
1 248698 0
-1 0 0
