91
1 0 0
0 0 1
1 1.31352e+07 0
2 0 0
0 0 1
1 1.18819e+07 0
3 0 0
0 0 1
1 1.03913e+07 0
4 0 0
0 0 1
1 8.83908e+06 0
5 0 0
0 0 1
1 7.40564e+06 0
6 0 0
0 0 1
1 6.18712e+06 0
7 0 0
0 0 1
1 5.19469e+06 0
8 0 0
0 0 1
1 4.39992e+06 0
9 0 0
0 0 1
1 3.76482e+06 0
10 0 0
0 0 1
1 3.25193e+06 0
11 0 0
0 0 1
1 2.83197e+06 0
12 0 0
0 0 1
1 2.48648e+06 0
13 0 0
0 0 1
1 2.20067e+06 0
14 0 0
0 0 1
1 1.95855e+06 0
15 0 0
0 0 1
1 1.74795e+06 0
16 0 0
0 0 1
1 1.56446e+06 0
17 0 0
0 0 1
1 1.40636e+06 0
18 0 0
0 0 1
1 1.26997e+06 0
19 0 0
0 0 1
1 1.15253e+06 0
20 0 0
0 0 1
1 1.05452e+06 0
21 0 0
0 0 1
1 975278 0
22 0 0
0 0 1
1 909783 0
23 0 0
0 0 1
1 852911 0
24 0 0
0 0 1
1 804295 0
25 0 0
0 0 1
1 766179 0
26 0 0
0 0 1
1 738862 0
27 0 0
0 0 1
1 720715 0
28 0 0
0 0 1
1 710764 0
29 0 0
0 0 1
1 708683 0
30 0 0
0 0 1
1 712889 0
-1 0 0
