91
1 0 0
0 0 1
1 1.39245e+07 0
2 0 0
0 0 1
1 1.19236e+07 0
3 0 0
0 0 1
1 9.6673e+06 0
4 0 0
0 0 1
1 7.51239e+06 0
5 0 0
0 0 1
1 5.74683e+06 0
6 0 0
0 0 1
1 4.4476e+06 0
7 0 0
0 0 1
1 3.52342e+06 0
8 0 0
0 0 1
1 2.85749e+06 0
9 0 0
0 0 1
1 2.37492e+06 0
10 0 0
0 0 1
1 2.01932e+06 0
11 0 0
0 0 1
1 1.739e+06 0
12 0 0
0 0 1
1 1.50604e+06 0
13 0 0
0 0 1
1 1.31469e+06 0
14 0 0
0 0 1
1 1.15553e+06 0
15 0 0
0 0 1
1 1.01281e+06 0
16 0 0
0 0 1
1 884080 0
17 0 0
0 0 1
1 779017 0
18 0 0
0 0 1
1 698022 0
19 0 0
0 0 1
1 630075 0
20 0 0
0 0 1
1 570490 0
21 0 0
0 0 1
1 523646 0
22 0 0
0 0 1
1 488753 0
23 0 0
0 0 1
1 458783 0
24 0 0
0 0 1
1 433642 0
25 0 0
0 0 1
1 420299 0
26 0 0
0 0 1
1 419295 0
27 0 0
0 0 1
1 423289 0
28 0 0
0 0 1
1 429015 0
29 0 0
0 0 1
1 439475 0
30 0 0
0 0 1
1 454659 0
-1 0 0
