91
1 0 0
0 0 1
1 6.87444e+06 0
2 0 0
0 0 1
1 5.87135e+06 0
3 0 0
0 0 1
1 4.91706e+06 0
4 0 0
0 0 1
1 4.15977e+06 0
5 0 0
0 0 1
1 3.54267e+06 0
6 0 0
0 0 1
1 3.00122e+06 0
7 0 0
0 0 1
1 2.54729e+06 0
8 0 0
0 0 1
1 2.19306e+06 0
9 0 0
0 0 1
1 1.90244e+06 0
10 0 0
0 0 1
1 1.64097e+06 0
11 0 0
0 0 1
1 1.41238e+06 0
12 0 0
0 0 1
1 1.22468e+06 0
13 0 0
0 0 1
1 1.06299e+06 0
14 0 0
0 0 1
1 914068 0
15 0 0
0 0 1
1 784788 0
16 0 0
0 0 1
1 680197 0
17 0 0
0 0 1
1 588664 0
18 0 0
0 0 1
1 501813 0
19 0 0
0 0 1
1 427640 0
20 0 0
0 0 1
1 372730 0
21 0 0
0 0 1
1 329908 0
22 0 0
0 0 1
1 292808 0
23 0 0
0 0 1
1 265874 0
24 0 0
0 0 1
1 251464 0
25 0 0
0 0 1
1 242115 0
26 0 0
0 0 1
1 233301 0
27 0 0
0 0 1
1 230322 0
28 0 0
0 0 1
1 235756 0
29 0 0
0 0 1
1 242505 0
30 0 0
0 0 1
1 245258 0
-1 0 0
