91
1 0 0
0 0 1
1 5.79457e+06 0
2 0 0
0 0 1
1 5.17188e+06 0
3 0 0
0 0 1
1 4.48432e+06 0
4 0 0
0 0 1
1 3.82536e+06 0
5 0 0
0 0 1
1 3.24535e+06 0
6 0 0
0 0 1
1 2.75514e+06 0
7 0 0
0 0 1
1 2.34985e+06 0
8 0 0
0 0 1
1 2.01959e+06 0
9 0 0
0 0 1
1 1.7495e+06 0
10 0 0
0 0 1
1 1.52421e+06 0
11 0 0
0 0 1
1 1.33399e+06 0
12 0 0
0 0 1
1 1.17327e+06 0
13 0 0
0 0 1
1 1.03615e+06 0
14 0 0
0 0 1
1 917329 0
15 0 0
0 0 1
1 814729 0
16 0 0
0 0 1
1 727329 0
17 0 0
0 0 1
1 652115 0
18 0 0
0 0 1
1 586129 0
19 0 0
0 0 1
1 529445 0
20 0 0
0 0 1
1 483025 0
21 0 0
0 0 1
1 445225 0
22 0 0
0 0 1
1 413350 0
23 0 0
0 0 1
1 387303 0
24 0 0
0 0 1
1 368710 0
25 0 0
0 0 1
1 357089 0
26 0 0
0 0 1
1 349533 0
27 0 0
0 0 1
1 344032 0
28 0 0
0 0 1
1 341051 0
29 0 0
0 0 1
1 341634 0
30 0 0
0 0 1
1 345241 0
-1 0 0
