91
1 0 0
0 0 1
1 1.32134e+07 0
2 0 0
0 0 1
1 1.11166e+07 0
3 0 0
0 0 1
1 8.89207e+06 0
4 0 0
0 0 1
1 6.82888e+06 0
5 0 0
0 0 1
1 5.23126e+06 0
6 0 0
0 0 1
1 4.15085e+06 0
7 0 0
0 0 1
1 3.40001e+06 0
8 0 0
0 0 1
1 2.814e+06 0
9 0 0
0 0 1
1 2.36821e+06 0
10 0 0
0 0 1
1 2.05652e+06 0
11 0 0
0 0 1
1 1.80958e+06 0
12 0 0
0 0 1
1 1.57533e+06 0
13 0 0
0 0 1
1 1.37387e+06 0
14 0 0
0 0 1
1 1.22524e+06 0
15 0 0
0 0 1
1 1.09775e+06 0
16 0 0
0 0 1
1 965273 0
17 0 0
0 0 1
1 850802 0
18 0 0
0 0 1
1 775779 0
19 0 0
0 0 1
1 718961 0
20 0 0
0 0 1
1 658318 0
21 0 0
0 0 1
1 607538 0
22 0 0
0 0 1
1 580754 0
23 0 0
0 0 1
1 562067 0
24 0 0
0 0 1
1 538450 0
25 0 0
0 0 1
1 526246 0
26 0 0
0 0 1
1 538021 0
27 0 0
0 0 1
1 555364 0
28 0 0
0 0 1
1 559186 0
29 0 0
0 0 1
1 557788 0
30 0 0
0 0 1
1 563257 0
-1 0 0
