91
1 0 0
0 0 1
1 6.13775e+06 0
2 0 0
0 0 1
1 5.30828e+06 0
3 0 0
0 0 1
1 4.42866e+06 0
4 0 0
0 0 1
1 3.62576e+06 0
5 0 0
0 0 1
1 2.95872e+06 0
6 0 0
0 0 1
1 2.43178e+06 0
7 0 0
0 0 1
1 2.02486e+06 0
8 0 0
0 0 1
1 1.71235e+06 0
9 0 0
0 0 1
1 1.46948e+06 0
10 0 0
0 0 1
1 1.27621e+06 0
11 0 0
0 0 1
1 1.11937e+06 0
12 0 0
0 0 1
1 990099 0
13 0 0
0 0 1
1 880762 0
14 0 0
0 0 1
1 785853 0
15 0 0
0 0 1
1 703627 0
16 0 0
0 0 1
1 633802 0
17 0 0
0 0 1
1 574310 0
18 0 0
0 0 1
1 522228 0
19 0 0
0 0 1
1 476883 0
20 0 0
0 0 1
1 439623 0
21 0 0
0 0 1
1 410631 0
22 0 0
0 0 1
1 387782 0
23 0 0
0 0 1
1 368667 0
24 0 0
0 0 1
1 352302 0
25 0 0
0 0 1
1 338836 0
26 0 0
0 0 1
1 328891 0
27 0 0
0 0 1
1 323178 0
28 0 0
0 0 1
1 321545 0
29 0 0
0 0 1
1 322328 0
30 0 0
0 0 1
1 323723 0
-1 0 0
