91
1 0 0
0 0 1
1 6.43843e+06 0
2 0 0
0 0 1
1 5.9579e+06 0
3 0 0
0 0 1
1 5.4621e+06 0
4 0 0
0 0 1
1 4.83463e+06 0
5 0 0
0 0 1
1 4.08773e+06 0
6 0 0
0 0 1
1 3.32799e+06 0
7 0 0
0 0 1
1 2.65575e+06 0
8 0 0
0 0 1
1 2.11518e+06 0
9 0 0
0 0 1
1 1.70345e+06 0
10 0 0
0 0 1
1 1.39427e+06 0
11 0 0
0 0 1
1 1.15702e+06 0
12 0 0
0 0 1
1 970345 0
13 0 0
0 0 1
1 823284 0
14 0 0
0 0 1
1 706437 0
15 0 0
0 0 1
1 609230 0
16 0 0
0 0 1
1 525983 0
17 0 0
0 0 1
1 456489 0
18 0 0
0 0 1
1 398802 0
19 0 0
0 0 1
1 348039 0
20 0 0
0 0 1
1 303054 0
21 0 0
0 0 1
1 267167 0
22 0 0
0 0 1
1 240847 0
23 0 0
0 0 1
1 219893 0
24 0 0
0 0 1
1 201824 0
25 0 0
0 0 1
1 187957 0
26 0 0
0 0 1
1 178279 0
27 0 0
0 0 1
1 170484 0
28 0 0
0 0 1
1 165183 0
29 0 0
0 0 1
1 166110 0
30 0 0
0 0 1
1 173857 0
-1 0 0
