91
1 0 0
0 0 1
1 1.55661e+07 0
2 0 0
0 0 1
1 1.41606e+07 0
3 0 0
0 0 1
1 1.25181e+07 0
4 0 0
0 0 1
1 1.06342e+07 0
5 0 0
0 0 1
1 8.75743e+06 0
6 0 0
0 0 1
1 7.1328e+06 0
7 0 0
0 0 1
1 5.81754e+06 0
8 0 0
0 0 1
1 4.76329e+06 0
9 0 0
0 0 1
1 3.94025e+06 0
10 0 0
0 0 1
1 3.32414e+06 0
11 0 0
0 0 1
1 2.85336e+06 0
12 0 0
0 0 1
1 2.46893e+06 0
13 0 0
0 0 1
1 2.1572e+06 0
14 0 0
0 0 1
1 1.91629e+06 0
15 0 0
0 0 1
1 1.71932e+06 0
16 0 0
0 0 1
1 1.54121e+06 0
17 0 0
0 0 1
1 1.38672e+06 0
18 0 0
0 0 1
1 1.26332e+06 0
19 0 0
0 0 1
1 1.15511e+06 0
20 0 0
0 0 1
1 1.04778e+06 0
21 0 0
0 0 1
1 952369 0
22 0 0
0 0 1
1 881438 0
23 0 0
0 0 1
1 824703 0
24 0 0
0 0 1
1 769332 0
25 0 0
0 0 1
1 723229 0
26 0 0
0 0 1
1 698278 0
27 0 0
0 0 1
1 689066 0
28 0 0
0 0 1
1 686766 0
29 0 0
0 0 1
1 697446 0
30 0 0
0 0 1
1 728318 0
-1 0 0
