91
1 0 0
0 0 1
1 7.16938e+06 0
2 0 0
0 0 1
1 6.4415e+06 0
3 0 0
0 0 1
1 5.60492e+06 0
4 0 0
0 0 1
1 4.72598e+06 0
5 0 0
0 0 1
1 3.90564e+06 0
6 0 0
0 0 1
1 3.21886e+06 0
7 0 0
0 0 1
1 2.67696e+06 0
8 0 0
0 0 1
1 2.25189e+06 0
9 0 0
0 0 1
1 1.91582e+06 0
10 0 0
0 0 1
1 1.65021e+06 0
11 0 0
0 0 1
1 1.43693e+06 0
12 0 0
0 0 1
1 1.2594e+06 0
13 0 0
0 0 1
1 1.10908e+06 0
14 0 0
0 0 1
1 982094 0
15 0 0
0 0 1
1 872850 0
16 0 0
0 0 1
1 776379 0
17 0 0
0 0 1
1 692802 0
18 0 0
0 0 1
1 623435 0
19 0 0
0 0 1
1 565328 0
20 0 0
0 0 1
1 514147 0
21 0 0
0 0 1
1 469514 0
22 0 0
0 0 1
1 433127 0
23 0 0
0 0 1
1 403948 0
24 0 0
0 0 1
1 379152 0
25 0 0
0 0 1
1 357974 0
26 0 0
0 0 1
1 341260 0
27 0 0
0 0 1
1 328874 0
28 0 0
0 0 1
1 320414 0
29 0 0
0 0 1
1 316881 0
30 0 0
0 0 1
1 318933 0
-1 0 0
