91
1 0 0
0 0 1
1 7.94316e+06 0
2 0 0
0 0 1
1 6.86795e+06 0
3 0 0
0 0 1
1 5.64942e+06 0
4 0 0
0 0 1
1 4.5488e+06 0
5 0 0
0 0 1
1 3.66212e+06 0
6 0 0
0 0 1
1 2.96672e+06 0
7 0 0
0 0 1
1 2.42212e+06 0
8 0 0
0 0 1
1 2.00188e+06 0
9 0 0
0 0 1
1 1.67501e+06 0
10 0 0
0 0 1
1 1.40833e+06 0
11 0 0
0 0 1
1 1.1866e+06 0
12 0 0
0 0 1
1 1.00829e+06 0
13 0 0
0 0 1
1 865866 0
14 0 0
0 0 1
1 746514 0
15 0 0
0 0 1
1 646394 0
16 0 0
0 0 1
1 568122 0
17 0 0
0 0 1
1 507070 0
18 0 0
0 0 1
1 453119 0
19 0 0
0 0 1
1 403598 0
20 0 0
0 0 1
1 363167 0
21 0 0
0 0 1
1 332602 0
22 0 0
0 0 1
1 307404 0
23 0 0
0 0 1
1 285967 0
24 0 0
0 0 1
1 270221 0
25 0 0
0 0 1
1 259174 0
26 0 0
0 0 1
1 249673 0
27 0 0
0 0 1
1 242936 0
28 0 0
0 0 1
1 243504 0
29 0 0
0 0 1
1 252132 0
30 0 0
0 0 1
1 265366 0
-1 0 0
