91
1 0 0
0 0 1
1 1.30262e+07 0
2 0 0
0 0 1
1 1.13783e+07 0
3 0 0
0 0 1
1 9.62217e+06 0
4 0 0
0 0 1
1 7.99601e+06 0
5 0 0
0 0 1
1 6.57582e+06 0
6 0 0
0 0 1
1 5.36779e+06 0
7 0 0
0 0 1
1 4.37336e+06 0
8 0 0
0 0 1
1 3.5816e+06 0
9 0 0
0 0 1
1 2.95888e+06 0
10 0 0
0 0 1
1 2.46922e+06 0
11 0 0
0 0 1
1 2.08762e+06 0
12 0 0
0 0 1
1 1.78961e+06 0
13 0 0
0 0 1
1 1.54755e+06 0
14 0 0
0 0 1
1 1.3443e+06 0
15 0 0
0 0 1
1 1.17703e+06 0
16 0 0
0 0 1
1 1.04229e+06 0
17 0 0
0 0 1
1 928927 0
18 0 0
0 0 1
1 829203 0
19 0 0
0 0 1
1 745341 0
20 0 0
0 0 1
1 679523 0
21 0 0
0 0 1
1 626366 0
22 0 0
0 0 1
1 580045 0
23 0 0
0 0 1
1 541278 0
24 0 0
0 0 1
1 512403 0
25 0 0
0 0 1
1 491452 0
26 0 0
0 0 1
1 475303 0
27 0 0
0 0 1
1 464114 0
28 0 0
0 0 1
1 459361 0
29 0 0
0 0 1
1 461209 0
30 0 0
0 0 1
1 469700 0
-1 0 0
