91
1 0 0
0 0 1
1 6.84814e+06 0
2 0 0
0 0 1
1 5.8052e+06 0
3 0 0
0 0 1
1 4.65178e+06 0
4 0 0
0 0 1
1 3.63127e+06 0
5 0 0
0 0 1
1 2.85909e+06 0
6 0 0
0 0 1
1 2.30055e+06 0
7 0 0
0 0 1
1 1.88366e+06 0
8 0 0
0 0 1
1 1.57307e+06 0
9 0 0
0 0 1
1 1.3482e+06 0
10 0 0
0 0 1
1 1.17644e+06 0
11 0 0
0 0 1
1 1.03245e+06 0
12 0 0
0 0 1
1 913582 0
13 0 0
0 0 1
1 819956 0
14 0 0
0 0 1
1 739523 0
15 0 0
0 0 1
1 663248 0
16 0 0
0 0 1
1 596561 0
17 0 0
0 0 1
1 545211 0
18 0 0
0 0 1
1 503583 0
19 0 0
0 0 1
1 465168 0
20 0 0
0 0 1
1 432234 0
21 0 0
0 0 1
1 407591 0
22 0 0
0 0 1
1 387290 0
23 0 0
0 0 1
1 368115 0
24 0 0
0 0 1
1 353364 0
25 0 0
0 0 1
1 345582 0
26 0 0
0 0 1
1 341551 0
27 0 0
0 0 1
1 339120 0
28 0 0
0 0 1
1 341406 0
29 0 0
0 0 1
1 350124 0
30 0 0
0 0 1
1 361648 0
-1 0 0
