91
1 0 0
0 0 1
1 1.18965e+07 0
2 0 0
0 0 1
1 1.04825e+07 0
3 0 0
0 0 1
1 9.14144e+06 0
4 0 0
0 0 1
1 7.97654e+06 0
5 0 0
0 0 1
1 6.97558e+06 0
6 0 0
0 0 1
1 6.13147e+06 0
7 0 0
0 0 1
1 5.42714e+06 0
8 0 0
0 0 1
1 4.81168e+06 0
9 0 0
0 0 1
1 4.24772e+06 0
10 0 0
0 0 1
1 3.74318e+06 0
11 0 0
0 0 1
1 3.31135e+06 0
12 0 0
0 0 1
1 2.93573e+06 0
13 0 0
0 0 1
1 2.59538e+06 0
14 0 0
0 0 1
1 2.29325e+06 0
15 0 0
0 0 1
1 2.03706e+06 0
16 0 0
0 0 1
1 1.81645e+06 0
17 0 0
0 0 1
1 1.61852e+06 0
18 0 0
0 0 1
1 1.44656e+06 0
19 0 0
0 0 1
1 1.30607e+06 0
20 0 0
0 0 1
1 1.18804e+06 0
21 0 0
0 0 1
1 1.08149e+06 0
22 0 0
0 0 1
1 989005 0
23 0 0
0 0 1
1 916526 0
24 0 0
0 0 1
1 859159 0
25 0 0
0 0 1
1 808904 0
26 0 0
0 0 1
1 766350 0
27 0 0
0 0 1
1 734353 0
28 0 0
0 0 1
1 709187 0
29 0 0
0 0 1
1 687168 0
30 0 0
0 0 1
1 672205 0
-1 0 0
