91
1 0 0
0 0 1
1 7.16502e+06 0
2 0 0
0 0 1
1 6.32839e+06 0
3 0 0
0 0 1
1 5.44136e+06 0
4 0 0
0 0 1
1 4.52854e+06 0
5 0 0
0 0 1
1 3.66664e+06 0
6 0 0
0 0 1
1 2.94782e+06 0
7 0 0
0 0 1
1 2.40476e+06 0
8 0 0
0 0 1
1 2.00699e+06 0
9 0 0
0 0 1
1 1.71188e+06 0
10 0 0
0 0 1
1 1.49118e+06 0
11 0 0
0 0 1
1 1.32184e+06 0
12 0 0
0 0 1
1 1.18272e+06 0
13 0 0
0 0 1
1 1.06415e+06 0
14 0 0
0 0 1
1 965487 0
15 0 0
0 0 1
1 882898 0
16 0 0
0 0 1
1 809786 0
17 0 0
0 0 1
1 745753 0
18 0 0
0 0 1
1 694146 0
19 0 0
0 0 1
1 652543 0
20 0 0
0 0 1
1 614725 0
21 0 0
0 0 1
1 580063 0
22 0 0
0 0 1
1 552579 0
23 0 0
0 0 1
1 532415 0
24 0 0
0 0 1
1 515868 0
25 0 0
0 0 1
1 502448 0
26 0 0
0 0 1
1 494907 0
27 0 0
0 0 1
1 493151 0
28 0 0
0 0 1
1 494095 0
29 0 0
0 0 1
1 496588 0
30 0 0
0 0 1
1 501270 0
-1 0 0
