91
1 0 0
0 0 1
1 6.29839e+06 0
2 0 0
0 0 1
1 5.6147e+06 0
3 0 0
0 0 1
1 4.86121e+06 0
4 0 0
0 0 1
1 4.13222e+06 0
5 0 0
0 0 1
1 3.49483e+06 0
6 0 0
0 0 1
1 2.95764e+06 0
7 0 0
0 0 1
1 2.50114e+06 0
8 0 0
0 0 1
1 2.11399e+06 0
9 0 0
0 0 1
1 1.79157e+06 0
10 0 0
0 0 1
1 1.52256e+06 0
11 0 0
0 0 1
1 1.29498e+06 0
12 0 0
0 0 1
1 1.10574e+06 0
13 0 0
0 0 1
1 953161 0
14 0 0
0 0 1
1 827869 0
15 0 0
0 0 1
1 719872 0
16 0 0
0 0 1
1 627972 0
17 0 0
0 0 1
1 554252 0
18 0 0
0 0 1
1 494911 0
19 0 0
0 0 1
1 443664 0
20 0 0
0 0 1
1 399456 0
21 0 0
0 0 1
1 364278 0
22 0 0
0 0 1
1 336940 0
23 0 0
0 0 1
1 314555 0
24 0 0
0 0 1
1 297160 0
25 0 0
0 0 1
1 286209 0
26 0 0
0 0 1
1 281087 0
27 0 0
0 0 1
1 280730 0
28 0 0
0 0 1
1 285802 0
29 0 0
0 0 1
1 295856 0
30 0 0
0 0 1
1 307071 0
-1 0 0
