91
1 0 0
0 0 1
1 8.98731e+06 0
2 0 0
0 0 1
1 7.81073e+06 0
3 0 0
0 0 1
1 6.5519e+06 0
4 0 0
0 0 1
1 5.40025e+06 0
5 0 0
0 0 1
1 4.43721e+06 0
6 0 0
0 0 1
1 3.66674e+06 0
7 0 0
0 0 1
1 3.05414e+06 0
8 0 0
0 0 1
1 2.55998e+06 0
9 0 0
0 0 1
1 2.15732e+06 0
10 0 0
0 0 1
1 1.82888e+06 0
11 0 0
0 0 1
1 1.55876e+06 0
12 0 0
0 0 1
1 1.33319e+06 0
13 0 0
0 0 1
1 1.14465e+06 0
14 0 0
0 0 1
1 989272 0
15 0 0
0 0 1
1 861414 0
16 0 0
0 0 1
1 754352 0
17 0 0
0 0 1
1 664079 0
18 0 0
0 0 1
1 588562 0
19 0 0
0 0 1
1 524896 0
20 0 0
0 0 1
1 470474 0
21 0 0
0 0 1
1 425261 0
22 0 0
0 0 1
1 389558 0
23 0 0
0 0 1
1 360889 0
24 0 0
0 0 1
1 336118 0
25 0 0
0 0 1
1 315288 0
26 0 0
0 0 1
1 300197 0
27 0 0
0 0 1
1 290468 0
28 0 0
0 0 1
1 284521 0
29 0 0
0 0 1
1 283762 0
30 0 0
0 0 1
1 292194 0
-1 0 0
