91
1 0 0
0 0 1
1 6.69918e+06 0
2 0 0
0 0 1
1 5.90337e+06 0
3 0 0
0 0 1
1 5.16383e+06 0
4 0 0
0 0 1
1 4.47555e+06 0
5 0 0
0 0 1
1 3.84218e+06 0
6 0 0
0 0 1
1 3.27935e+06 0
7 0 0
0 0 1
1 2.78951e+06 0
8 0 0
0 0 1
1 2.36268e+06 0
9 0 0
0 0 1
1 1.99365e+06 0
10 0 0
0 0 1
1 1.68299e+06 0
11 0 0
0 0 1
1 1.42639e+06 0
12 0 0
0 0 1
1 1.21454e+06 0
13 0 0
0 0 1
1 1.04064e+06 0
14 0 0
0 0 1
1 899919 0
15 0 0
0 0 1
1 784874 0
16 0 0
0 0 1
1 687877 0
17 0 0
0 0 1
1 606619 0
18 0 0
0 0 1
1 541415 0
19 0 0
0 0 1
1 489065 0
20 0 0
0 0 1
1 444293 0
21 0 0
0 0 1
1 405302 0
22 0 0
0 0 1
1 373132 0
23 0 0
0 0 1
1 346957 0
24 0 0
0 0 1
1 324542 0
25 0 0
0 0 1
1 306423 0
26 0 0
0 0 1
1 295428 0
27 0 0
0 0 1
1 292293 0
28 0 0
0 0 1
1 295054 0
29 0 0
0 0 1
1 302370 0
30 0 0
0 0 1
1 314209 0
-1 0 0
