91
1 0 0
0 0 1
1 6.57474e+06 0
2 0 0
0 0 1
1 5.74392e+06 0
3 0 0
0 0 1
1 4.84205e+06 0
4 0 0
0 0 1
1 3.99158e+06 0
5 0 0
0 0 1
1 3.25361e+06 0
6 0 0
0 0 1
1 2.63791e+06 0
7 0 0
0 0 1
1 2.1428e+06 0
8 0 0
0 0 1
1 1.76381e+06 0
9 0 0
0 0 1
1 1.48028e+06 0
10 0 0
0 0 1
1 1.26111e+06 0
11 0 0
0 0 1
1 1.085e+06 0
12 0 0
0 0 1
1 943348 0
13 0 0
0 0 1
1 828028 0
14 0 0
0 0 1
1 729310 0
15 0 0
0 0 1
1 643700 0
16 0 0
0 0 1
1 572647 0
17 0 0
0 0 1
1 514056 0
18 0 0
0 0 1
1 463052 0
19 0 0
0 0 1
1 419183 0
20 0 0
0 0 1
1 384935 0
21 0 0
0 0 1
1 358527 0
22 0 0
0 0 1
1 335160 0
23 0 0
0 0 1
1 313941 0
24 0 0
0 0 1
1 297266 0
25 0 0
0 0 1
1 285117 0
26 0 0
0 0 1
1 276041 0
27 0 0
0 0 1
1 271812 0
28 0 0
0 0 1
1 274924 0
29 0 0
0 0 1
1 283061 0
30 0 0
0 0 1
1 291864 0
-1 0 0
