91
1 0 0
0 0 1
1 7.46536e+06 0
2 0 0
0 0 1
1 6.44723e+06 0
3 0 0
0 0 1
1 5.43364e+06 0
4 0 0
0 0 1
1 4.48918e+06 0
5 0 0
0 0 1
1 3.59657e+06 0
6 0 0
0 0 1
1 2.80398e+06 0
7 0 0
0 0 1
1 2.1913e+06 0
8 0 0
0 0 1
1 1.76166e+06 0
9 0 0
0 0 1
1 1.44836e+06 0
10 0 0
0 0 1
1 1.2032e+06 0
11 0 0
0 0 1
1 1.01926e+06 0
12 0 0
0 0 1
1 884968 0
13 0 0
0 0 1
1 772187 0
14 0 0
0 0 1
1 669099 0
15 0 0
0 0 1
1 585037 0
16 0 0
0 0 1
1 520679 0
17 0 0
0 0 1
1 462813 0
18 0 0
0 0 1
1 408269 0
19 0 0
0 0 1
1 366719 0
20 0 0
0 0 1
1 338747 0
21 0 0
0 0 1
1 313244 0
22 0 0
0 0 1
1 287190 0
23 0 0
0 0 1
1 268462 0
24 0 0
0 0 1
1 258451 0
25 0 0
0 0 1
1 249555 0
26 0 0
0 0 1
1 240766 0
27 0 0
0 0 1
1 239780 0
28 0 0
0 0 1
1 248405 0
29 0 0
0 0 1
1 259598 0
30 0 0
0 0 1
1 269492 0
-1 0 0
