91
1 0 0
0 0 1
1 1.38609e+07 0
2 0 0
0 0 1
1 1.12081e+07 0
3 0 0
0 0 1
1 8.75133e+06 0
4 0 0
0 0 1
1 6.78263e+06 0
5 0 0
0 0 1
1 5.29915e+06 0
6 0 0
0 0 1
1 4.2196e+06 0
7 0 0
0 0 1
1 3.46785e+06 0
8 0 0
0 0 1
1 2.94368e+06 0
9 0 0
0 0 1
1 2.54395e+06 0
10 0 0
0 0 1
1 2.22052e+06 0
11 0 0
0 0 1
1 1.96696e+06 0
12 0 0
0 0 1
1 1.76273e+06 0
13 0 0
0 0 1
1 1.57555e+06 0
14 0 0
0 0 1
1 1.40231e+06 0
15 0 0
0 0 1
1 1.26117e+06 0
16 0 0
0 0 1
1 1.15016e+06 0
17 0 0
0 0 1
1 1.0496e+06 0
18 0 0
0 0 1
1 957031 0
19 0 0
0 0 1
1 885469 0
20 0 0
0 0 1
1 832915 0
21 0 0
0 0 1
1 784418 0
22 0 0
0 0 1
1 739512 0
23 0 0
0 0 1
1 709262 0
24 0 0
0 0 1
1 690274 0
25 0 0
0 0 1
1 668269 0
26 0 0
0 0 1
1 644350 0
27 0 0
0 0 1
1 633037 0
28 0 0
0 0 1
1 636823 0
29 0 0
0 0 1
1 645769 0
30 0 0
0 0 1
1 659473 0
-1 0 0
