91
1 0 0
0 0 1
1 3.59342e+06 0
2 0 0
0 0 1
1 3.00491e+06 0
3 0 0
0 0 1
1 2.4575e+06 0
4 0 0
0 0 1
1 2.01036e+06 0
5 0 0
0 0 1
1 1.6613e+06 0
6 0 0
0 0 1
1 1.38844e+06 0
7 0 0
0 0 1
1 1.17513e+06 0
8 0 0
0 0 1
1 1.00992e+06 0
9 0 0
0 0 1
1 880961 0
10 0 0
0 0 1
1 776915 0
11 0 0
0 0 1
1 690175 0
12 0 0
0 0 1
1 616353 0
13 0 0
0 0 1
1 552196 0
14 0 0
0 0 1
1 495442 0
15 0 0
0 0 1
1 445391 0
16 0 0
0 0 1
1 401906 0
17 0 0
0 0 1
1 364065 0
18 0 0
0 0 1
1 330658 0
19 0 0
0 0 1
1 301531 0
20 0 0
0 0 1
1 277324 0
21 0 0
0 0 1
1 257892 0
22 0 0
0 0 1
1 241959 0
23 0 0
0 0 1
1 228485 0
24 0 0
0 0 1
1 217416 0
25 0 0
0 0 1
1 208731 0
26 0 0
0 0 1
1 201679 0
27 0 0
0 0 1
1 195720 0
28 0 0
0 0 1
1 191506 0
29 0 0
0 0 1
1 189988 0
30 0 0
0 0 1
1 190991 0
-1 0 0
