91
1 0 0
0 0 1
1 6.07922e+06 0
2 0 0
0 0 1
1 5.64445e+06 0
3 0 0
0 0 1
1 5.14629e+06 0
4 0 0
0 0 1
1 4.56433e+06 0
5 0 0
0 0 1
1 3.93714e+06 0
6 0 0
0 0 1
1 3.32102e+06 0
7 0 0
0 0 1
1 2.75813e+06 0
8 0 0
0 0 1
1 2.27112e+06 0
9 0 0
0 0 1
1 1.8666e+06 0
10 0 0
0 0 1
1 1.5394e+06 0
11 0 0
0 0 1
1 1.2793e+06 0
12 0 0
0 0 1
1 1.0752e+06 0
13 0 0
0 0 1
1 914481 0
14 0 0
0 0 1
1 784263 0
15 0 0
0 0 1
1 676505 0
16 0 0
0 0 1
1 588637 0
17 0 0
0 0 1
1 518040 0
18 0 0
0 0 1
1 459610 0
19 0 0
0 0 1
1 409747 0
20 0 0
0 0 1
1 368526 0
21 0 0
0 0 1
1 336288 0
22 0 0
0 0 1
1 311508 0
23 0 0
0 0 1
1 293149 0
24 0 0
0 0 1
1 281532 0
25 0 0
0 0 1
1 275526 0
26 0 0
0 0 1
1 272168 0
27 0 0
0 0 1
1 270439 0
28 0 0
0 0 1
1 272489 0
29 0 0
0 0 1
1 279824 0
30 0 0
0 0 1
1 290689 0
-1 0 0
