91
1 0 0
0 0 1
1 6.49663e+06 0
2 0 0
0 0 1
1 5.66699e+06 0
3 0 0
0 0 1
1 4.73222e+06 0
4 0 0
0 0 1
1 3.80307e+06 0
5 0 0
0 0 1
1 2.99251e+06 0
6 0 0
0 0 1
1 2.36564e+06 0
7 0 0
0 0 1
1 1.91469e+06 0
8 0 0
0 0 1
1 1.59104e+06 0
9 0 0
0 0 1
1 1.35138e+06 0
10 0 0
0 0 1
1 1.17041e+06 0
11 0 0
0 0 1
1 1.02948e+06 0
12 0 0
0 0 1
1 912979 0
13 0 0
0 0 1
1 813702 0
14 0 0
0 0 1
1 730321 0
15 0 0
0 0 1
1 659631 0
16 0 0
0 0 1
1 597091 0
17 0 0
0 0 1
1 542308 0
18 0 0
0 0 1
1 497392 0
19 0 0
0 0 1
1 461101 0
20 0 0
0 0 1
1 429799 0
21 0 0
0 0 1
1 402701 0
22 0 0
0 0 1
1 381175 0
23 0 0
0 0 1
1 363954 0
24 0 0
0 0 1
1 347922 0
25 0 0
0 0 1
1 333242 0
26 0 0
0 0 1
1 323392 0
27 0 0
0 0 1
1 319983 0
28 0 0
0 0 1
1 321097 0
29 0 0
0 0 1
1 324960 0
30 0 0
0 0 1
1 331992 0
-1 0 0
