91
1 0 0
0 0 1
1 1.26456e+07 0
2 0 0
0 0 1
1 1.17474e+07 0
3 0 0
0 0 1
1 1.06535e+07 0
4 0 0
0 0 1
1 9.41321e+06 0
5 0 0
0 0 1
1 8.15504e+06 0
6 0 0
0 0 1
1 6.98679e+06 0
7 0 0
0 0 1
1 5.97189e+06 0
8 0 0
0 0 1
1 5.1305e+06 0
9 0 0
0 0 1
1 4.44451e+06 0
10 0 0
0 0 1
1 3.88323e+06 0
11 0 0
0 0 1
1 3.42688e+06 0
12 0 0
0 0 1
1 3.05811e+06 0
13 0 0
0 0 1
1 2.74828e+06 0
14 0 0
0 0 1
1 2.47197e+06 0
15 0 0
0 0 1
1 2.22498e+06 0
16 0 0
0 0 1
1 2.01183e+06 0
17 0 0
0 0 1
1 1.82527e+06 0
18 0 0
0 0 1
1 1.65308e+06 0
19 0 0
0 0 1
1 1.49543e+06 0
20 0 0
0 0 1
1 1.35969e+06 0
21 0 0
0 0 1
1 1.24498e+06 0
22 0 0
0 0 1
1 1.14517e+06 0
23 0 0
0 0 1
1 1.06092e+06 0
24 0 0
0 0 1
1 996054 0
25 0 0
0 0 1
1 947197 0
26 0 0
0 0 1
1 908128 0
27 0 0
0 0 1
1 880582 0
28 0 0
0 0 1
1 871330 0
29 0 0
0 0 1
1 881422 0
30 0 0
0 0 1
1 904155 0
-1 0 0
