91
1 0 0
0 0 1
1 7.07566e+06 0
2 0 0
0 0 1
1 5.99899e+06 0
3 0 0
0 0 1
1 4.93648e+06 0
4 0 0
0 0 1
1 4.02952e+06 0
5 0 0
0 0 1
1 3.30699e+06 0
6 0 0
0 0 1
1 2.73642e+06 0
7 0 0
0 0 1
1 2.28673e+06 0
8 0 0
0 0 1
1 1.94068e+06 0
9 0 0
0 0 1
1 1.67788e+06 0
10 0 0
0 0 1
1 1.47272e+06 0
11 0 0
0 0 1
1 1.30699e+06 0
12 0 0
0 0 1
1 1.17213e+06 0
13 0 0
0 0 1
1 1.06053e+06 0
14 0 0
0 0 1
1 963783 0
15 0 0
0 0 1
1 878740 0
16 0 0
0 0 1
1 807090 0
17 0 0
0 0 1
1 748093 0
18 0 0
0 0 1
1 697212 0
19 0 0
0 0 1
1 652121 0
20 0 0
0 0 1
1 614659 0
21 0 0
0 0 1
1 585720 0
22 0 0
0 0 1
1 562508 0
23 0 0
0 0 1
1 542264 0
24 0 0
0 0 1
1 525382 0
25 0 0
0 0 1
1 513445 0
26 0 0
0 0 1
1 506722 0
27 0 0
0 0 1
1 504819 0
28 0 0
0 0 1
1 507803 0
29 0 0
0 0 1
1 515438 0
30 0 0
0 0 1
1 526412 0
-1 0 0
