91
1 0 0
0 0 1
1 5.57459e+06 0
2 0 0
0 0 1
1 5.06005e+06 0
3 0 0
0 0 1
1 4.57872e+06 0
4 0 0
0 0 1
1 4.12502e+06 0
5 0 0
0 0 1
1 3.68343e+06 0
6 0 0
0 0 1
1 3.24864e+06 0
7 0 0
0 0 1
1 2.83178e+06 0
8 0 0
0 0 1
1 2.4478e+06 0
9 0 0
0 0 1
1 2.10187e+06 0
10 0 0
0 0 1
1 1.79199e+06 0
11 0 0
0 0 1
1 1.51938e+06 0
12 0 0
0 0 1
1 1.28846e+06 0
13 0 0
0 0 1
1 1.09867e+06 0
14 0 0
0 0 1
1 943067 0
15 0 0
0 0 1
1 814913 0
16 0 0
0 0 1
1 710311 0
17 0 0
0 0 1
1 624828 0
18 0 0
0 0 1
1 552741 0
19 0 0
0 0 1
1 490756 0
20 0 0
0 0 1
1 438843 0
21 0 0
0 0 1
1 396623 0
22 0 0
0 0 1
1 361829 0
23 0 0
0 0 1
1 332704 0
24 0 0
0 0 1
1 309120 0
25 0 0
0 0 1
1 290813 0
26 0 0
0 0 1
1 276838 0
27 0 0
0 0 1
1 267094 0
28 0 0
0 0 1
1 262391 0
29 0 0
0 0 1
1 262746 0
30 0 0
0 0 1
1 267218 0
-1 0 0
