91
1 0 0
0 0 1
1 6.63125e+06 0
2 0 0
0 0 1
1 5.95399e+06 0
3 0 0
0 0 1
1 5.1326e+06 0
4 0 0
0 0 1
1 4.26185e+06 0
5 0 0
0 0 1
1 3.47398e+06 0
6 0 0
0 0 1
1 2.83688e+06 0
7 0 0
0 0 1
1 2.33427e+06 0
8 0 0
0 0 1
1 1.93148e+06 0
9 0 0
0 0 1
1 1.61482e+06 0
10 0 0
0 0 1
1 1.37066e+06 0
11 0 0
0 0 1
1 1.17235e+06 0
12 0 0
0 0 1
1 1.0028e+06 0
13 0 0
0 0 1
1 864416 0
14 0 0
0 0 1
1 757047 0
15 0 0
0 0 1
1 666860 0
16 0 0
0 0 1
1 584435 0
17 0 0
0 0 1
1 515203 0
18 0 0
0 0 1
1 463691 0
19 0 0
0 0 1
1 422382 0
20 0 0
0 0 1
1 383482 0
21 0 0
0 0 1
1 349009 0
22 0 0
0 0 1
1 322439 0
23 0 0
0 0 1
1 300989 0
24 0 0
0 0 1
1 281997 0
25 0 0
0 0 1
1 267983 0
26 0 0
0 0 1
1 260559 0
27 0 0
0 0 1
1 257098 0
28 0 0
0 0 1
1 256852 0
29 0 0
0 0 1
1 262825 0
30 0 0
0 0 1
1 274667 0
-1 0 0
