91
1 0 0
0 0 1
1 5.90632e+06 0
2 0 0
0 0 1
1 5.42351e+06 0
3 0 0
0 0 1
1 4.78642e+06 0
4 0 0
0 0 1
1 4.09243e+06 0
5 0 0
0 0 1
1 3.44513e+06 0
6 0 0
0 0 1
1 2.88736e+06 0
7 0 0
0 0 1
1 2.41865e+06 0
8 0 0
0 0 1
1 2.03012e+06 0
9 0 0
0 0 1
1 1.71099e+06 0
10 0 0
0 0 1
1 1.44637e+06 0
11 0 0
0 0 1
1 1.22494e+06 0
12 0 0
0 0 1
1 1.0425e+06 0
13 0 0
0 0 1
1 894089 0
14 0 0
0 0 1
1 770591 0
15 0 0
0 0 1
1 665525 0
16 0 0
0 0 1
1 578140 0
17 0 0
0 0 1
1 507448 0
18 0 0
0 0 1
1 449269 0
19 0 0
0 0 1
1 400855 0
20 0 0
0 0 1
1 362740 0
21 0 0
0 0 1
1 334225 0
22 0 0
0 0 1
1 311795 0
23 0 0
0 0 1
1 293455 0
24 0 0
0 0 1
1 280206 0
25 0 0
0 0 1
1 271890 0
26 0 0
0 0 1
1 265782 0
27 0 0
0 0 1
1 260917 0
28 0 0
0 0 1
1 260065 0
29 0 0
0 0 1
1 265303 0
30 0 0
0 0 1
1 273982 0
-1 0 0
