91
1 0 0
0 0 1
1 6.34937e+06 0
2 0 0
0 0 1
1 5.54065e+06 0
3 0 0
0 0 1
1 4.66399e+06 0
4 0 0
0 0 1
1 3.86198e+06 0
5 0 0
0 0 1
1 3.21557e+06 0
6 0 0
0 0 1
1 2.71484e+06 0
7 0 0
0 0 1
1 2.31341e+06 0
8 0 0
0 0 1
1 1.98257e+06 0
9 0 0
0 0 1
1 1.71198e+06 0
10 0 0
0 0 1
1 1.48916e+06 0
11 0 0
0 0 1
1 1.29947e+06 0
12 0 0
0 0 1
1 1.13724e+06 0
13 0 0
0 0 1
1 1.00256e+06 0
14 0 0
0 0 1
1 890776 0
15 0 0
0 0 1
1 794248 0
16 0 0
0 0 1
1 710853 0
17 0 0
0 0 1
1 642709 0
18 0 0
0 0 1
1 588478 0
19 0 0
0 0 1
1 543438 0
20 0 0
0 0 1
1 505475 0
21 0 0
0 0 1
1 475135 0
22 0 0
0 0 1
1 450936 0
23 0 0
0 0 1
1 429822 0
24 0 0
0 0 1
1 411603 0
25 0 0
0 0 1
1 398463 0
26 0 0
0 0 1
1 390564 0
27 0 0
0 0 1
1 386099 0
28 0 0
0 0 1
1 385193 0
29 0 0
0 0 1
1 389725 0
30 0 0
0 0 1
1 399047 0
-1 0 0
