91
1 0 0
0 0 1
1 6.46904e+06 0
2 0 0
0 0 1
1 5.72281e+06 0
3 0 0
0 0 1
1 4.88085e+06 0
4 0 0
0 0 1
1 4.04977e+06 0
5 0 0
0 0 1
1 3.32339e+06 0
6 0 0
0 0 1
1 2.74278e+06 0
7 0 0
0 0 1
1 2.29322e+06 0
8 0 0
0 0 1
1 1.94418e+06 0
9 0 0
0 0 1
1 1.67661e+06 0
10 0 0
0 0 1
1 1.47376e+06 0
11 0 0
0 0 1
1 1.31196e+06 0
12 0 0
0 0 1
1 1.17358e+06 0
13 0 0
0 0 1
1 1.05626e+06 0
14 0 0
0 0 1
1 960552 0
15 0 0
0 0 1
1 878685 0
16 0 0
0 0 1
1 803323 0
17 0 0
0 0 1
1 737178 0
18 0 0
0 0 1
1 685046 0
19 0 0
0 0 1
1 643231 0
20 0 0
0 0 1
1 604566 0
21 0 0
0 0 1
1 568251 0
22 0 0
0 0 1
1 537588 0
23 0 0
0 0 1
1 512500 0
24 0 0
0 0 1
1 490829 0
25 0 0
0 0 1
1 473503 0
26 0 0
0 0 1
1 462452 0
27 0 0
0 0 1
1 455938 0
28 0 0
0 0 1
1 450786 0
29 0 0
0 0 1
1 447136 0
30 0 0
0 0 1
1 447070 0
-1 0 0
