91
1 0 0
0 0 1
1 6.35415e+06 0
2 0 0
0 0 1
1 5.71367e+06 0
3 0 0
0 0 1
1 5.02498e+06 0
4 0 0
0 0 1
1 4.2647e+06 0
5 0 0
0 0 1
1 3.4949e+06 0
6 0 0
0 0 1
1 2.8145e+06 0
7 0 0
0 0 1
1 2.2692e+06 0
8 0 0
0 0 1
1 1.842e+06 0
9 0 0
0 0 1
1 1.50548e+06 0
10 0 0
0 0 1
1 1.2464e+06 0
11 0 0
0 0 1
1 1.0499e+06 0
12 0 0
0 0 1
1 894046 0
13 0 0
0 0 1
1 765352 0
14 0 0
0 0 1
1 662173 0
15 0 0
0 0 1
1 580954 0
16 0 0
0 0 1
1 512599 0
17 0 0
0 0 1
1 452881 0
18 0 0
0 0 1
1 404266 0
19 0 0
0 0 1
1 366314 0
20 0 0
0 0 1
1 333928 0
21 0 0
0 0 1
1 305409 0
22 0 0
0 0 1
1 283442 0
23 0 0
0 0 1
1 267906 0
24 0 0
0 0 1
1 255589 0
25 0 0
0 0 1
1 246915 0
26 0 0
0 0 1
1 245382 0
27 0 0
0 0 1
1 250282 0
28 0 0
0 0 1
1 257060 0
29 0 0
0 0 1
1 264922 0
30 0 0
0 0 1
1 277166 0
-1 0 0
