91
1 0 0
0 0 1
1 7.53376e+06 0
2 0 0
0 0 1
1 6.6156e+06 0
3 0 0
0 0 1
1 5.70017e+06 0
4 0 0
0 0 1
1 4.84775e+06 0
5 0 0
0 0 1
1 4.08513e+06 0
6 0 0
0 0 1
1 3.40805e+06 0
7 0 0
0 0 1
1 2.81386e+06 0
8 0 0
0 0 1
1 2.31506e+06 0
9 0 0
0 0 1
1 1.91608e+06 0
10 0 0
0 0 1
1 1.59894e+06 0
11 0 0
0 0 1
1 1.3415e+06 0
12 0 0
0 0 1
1 1.13394e+06 0
13 0 0
0 0 1
1 969727 0
14 0 0
0 0 1
1 835893 0
15 0 0
0 0 1
1 722116 0
16 0 0
0 0 1
1 627951 0
17 0 0
0 0 1
1 553218 0
18 0 0
0 0 1
1 491108 0
19 0 0
0 0 1
1 437065 0
20 0 0
0 0 1
1 394433 0
21 0 0
0 0 1
1 364746 0
22 0 0
0 0 1
1 341426 0
23 0 0
0 0 1
1 319281 0
24 0 0
0 0 1
1 301785 0
25 0 0
0 0 1
1 292891 0
26 0 0
0 0 1
1 289679 0
27 0 0
0 0 1
1 289194 0
28 0 0
0 0 1
1 294906 0
29 0 0
0 0 1
1 309705 0
30 0 0
0 0 1
1 328805 0
-1 0 0
