91
1 0 0
0 0 1
1 6.82357e+06 0
2 0 0
0 0 1
1 6.01772e+06 0
3 0 0
0 0 1
1 5.03248e+06 0
4 0 0
0 0 1
1 4.05392e+06 0
5 0 0
0 0 1
1 3.2527e+06 0
6 0 0
0 0 1
1 2.65847e+06 0
7 0 0
0 0 1
1 2.20805e+06 0
8 0 0
0 0 1
1 1.85444e+06 0
9 0 0
0 0 1
1 1.58611e+06 0
10 0 0
0 0 1
1 1.38375e+06 0
11 0 0
0 0 1
1 1.21605e+06 0
12 0 0
0 0 1
1 1.07038e+06 0
13 0 0
0 0 1
1 951793 0
14 0 0
0 0 1
1 856024 0
15 0 0
0 0 1
1 768987 0
16 0 0
0 0 1
1 688256 0
17 0 0
0 0 1
1 622398 0
18 0 0
0 0 1
1 571553 0
19 0 0
0 0 1
1 526799 0
20 0 0
0 0 1
1 485955 0
21 0 0
0 0 1
1 453929 0
22 0 0
0 0 1
1 429648 0
23 0 0
0 0 1
1 406856 0
24 0 0
0 0 1
1 385903 0
25 0 0
0 0 1
1 372263 0
26 0 0
0 0 1
1 365382 0
27 0 0
0 0 1
1 360191 0
28 0 0
0 0 1
1 357360 0
29 0 0
0 0 1
1 361445 0
30 0 0
0 0 1
1 370946 0
-1 0 0
