91
1 0 0
0 0 1
1 6.97453e+06 0
2 0 0
0 0 1
1 5.86517e+06 0
3 0 0
0 0 1
1 4.72482e+06 0
4 0 0
0 0 1
1 3.73289e+06 0
5 0 0
0 0 1
1 2.95455e+06 0
6 0 0
0 0 1
1 2.36399e+06 0
7 0 0
0 0 1
1 1.91817e+06 0
8 0 0
0 0 1
1 1.58567e+06 0
9 0 0
0 0 1
1 1.33544e+06 0
10 0 0
0 0 1
1 1.1372e+06 0
11 0 0
0 0 1
1 974994 0
12 0 0
0 0 1
1 844363 0
13 0 0
0 0 1
1 738151 0
14 0 0
0 0 1
1 646415 0
15 0 0
0 0 1
1 566417 0
16 0 0
0 0 1
1 500936 0
17 0 0
0 0 1
1 448252 0
18 0 0
0 0 1
1 402667 0
19 0 0
0 0 1
1 362945 0
20 0 0
0 0 1
1 331808 0
21 0 0
0 0 1
1 308269 0
22 0 0
0 0 1
1 287832 0
23 0 0
0 0 1
1 269490 0
24 0 0
0 0 1
1 255977 0
25 0 0
0 0 1
1 247582 0
26 0 0
0 0 1
1 241581 0
27 0 0
0 0 1
1 237768 0
28 0 0
0 0 1
1 239469 0
29 0 0
0 0 1
1 248725 0
30 0 0
0 0 1
1 264165 0
-1 0 0
