91
1 0 0
0 0 1
1 8.76379e+06 0
2 0 0
0 0 1
1 7.41525e+06 0
3 0 0
0 0 1
1 5.89374e+06 0
4 0 0
0 0 1
1 4.47657e+06 0
5 0 0
0 0 1
1 3.35776e+06 0
6 0 0
0 0 1
1 2.57081e+06 0
7 0 0
0 0 1
1 2.03557e+06 0
8 0 0
0 0 1
1 1.66053e+06 0
9 0 0
0 0 1
1 1.39195e+06 0
10 0 0
0 0 1
1 1.1972e+06 0
11 0 0
0 0 1
1 1.0463e+06 0
12 0 0
0 0 1
1 919424 0
13 0 0
0 0 1
1 811801 0
14 0 0
0 0 1
1 721280 0
15 0 0
0 0 1
1 641052 0
16 0 0
0 0 1
1 567895 0
17 0 0
0 0 1
1 506102 0
18 0 0
0 0 1
1 457873 0
19 0 0
0 0 1
1 417884 0
20 0 0
0 0 1
1 381327 0
21 0 0
0 0 1
1 350003 0
22 0 0
0 0 1
1 326674 0
23 0 0
0 0 1
1 309734 0
24 0 0
0 0 1
1 297030 0
25 0 0
0 0 1
1 289303 0
26 0 0
0 0 1
1 286482 0
27 0 0
0 0 1
1 285725 0
28 0 0
0 0 1
1 286442 0
29 0 0
0 0 1
1 292663 0
30 0 0
0 0 1
1 307077 0
-1 0 0
