91
1 0 0
0 0 1
1 6.54863e+06 0
2 0 0
0 0 1
1 5.53384e+06 0
3 0 0
0 0 1
1 4.51741e+06 0
4 0 0
0 0 1
1 3.6027e+06 0
5 0 0
0 0 1
1 2.83455e+06 0
6 0 0
0 0 1
1 2.24008e+06 0
7 0 0
0 0 1
1 1.81215e+06 0
8 0 0
0 0 1
1 1.50267e+06 0
9 0 0
0 0 1
1 1.26376e+06 0
10 0 0
0 0 1
1 1.07812e+06 0
11 0 0
0 0 1
1 939691 0
12 0 0
0 0 1
1 830947 0
13 0 0
0 0 1
1 735290 0
14 0 0
0 0 1
1 652458 0
15 0 0
0 0 1
1 585912 0
16 0 0
0 0 1
1 528914 0
17 0 0
0 0 1
1 475114 0
18 0 0
0 0 1
1 429493 0
19 0 0
0 0 1
1 396769 0
20 0 0
0 0 1
1 370147 0
21 0 0
0 0 1
1 342362 0
22 0 0
0 0 1
1 317648 0
23 0 0
0 0 1
1 302327 0
24 0 0
0 0 1
1 292681 0
25 0 0
0 0 1
1 282337 0
26 0 0
0 0 1
1 273737 0
27 0 0
0 0 1
1 272422 0
28 0 0
0 0 1
1 276474 0
29 0 0
0 0 1
1 280658 0
30 0 0
0 0 1
1 285403 0
-1 0 0
