91
1 0 0
0 0 1
1 8.02455e+06 0
2 0 0
0 0 1
1 6.96958e+06 0
3 0 0
0 0 1
1 5.83315e+06 0
4 0 0
0 0 1
1 4.76828e+06 0
5 0 0
0 0 1
1 3.86732e+06 0
6 0 0
0 0 1
1 3.1312e+06 0
7 0 0
0 0 1
1 2.53406e+06 0
8 0 0
0 0 1
1 2.06527e+06 0
9 0 0
0 0 1
1 1.70715e+06 0
10 0 0
0 0 1
1 1.42305e+06 0
11 0 0
0 0 1
1 1.18669e+06 0
12 0 0
0 0 1
1 995883 0
13 0 0
0 0 1
1 848217 0
14 0 0
0 0 1
1 727895 0
15 0 0
0 0 1
1 624479 0
16 0 0
0 0 1
1 542206 0
17 0 0
0 0 1
1 481975 0
18 0 0
0 0 1
1 432319 0
19 0 0
0 0 1
1 385503 0
20 0 0
0 0 1
1 346276 0
21 0 0
0 0 1
1 317953 0
22 0 0
0 0 1
1 294327 0
23 0 0
0 0 1
1 271540 0
24 0 0
0 0 1
1 254674 0
25 0 0
0 0 1
1 246558 0
26 0 0
0 0 1
1 241831 0
27 0 0
0 0 1
1 237706 0
28 0 0
0 0 1
1 240099 0
29 0 0
0 0 1
1 253851 0
30 0 0
0 0 1
1 275735 0
-1 0 0
