91
1 0 0
0 0 1
1 1.10113e+07 0
2 0 0
0 0 1
1 9.77198e+06 0
3 0 0
0 0 1
1 8.49087e+06 0
4 0 0
0 0 1
1 7.14722e+06 0
5 0 0
0 0 1
1 5.84349e+06 0
6 0 0
0 0 1
1 4.73082e+06 0
7 0 0
0 0 1
1 3.86822e+06 0
8 0 0
0 0 1
1 3.21339e+06 0
9 0 0
0 0 1
1 2.71186e+06 0
10 0 0
0 0 1
1 2.33619e+06 0
11 0 0
0 0 1
1 2.05715e+06 0
12 0 0
0 0 1
1 1.83443e+06 0
13 0 0
0 0 1
1 1.64456e+06 0
14 0 0
0 0 1
1 1.48712e+06 0
15 0 0
0 0 1
1 1.36002e+06 0
16 0 0
0 0 1
1 1.25109e+06 0
17 0 0
0 0 1
1 1.15447e+06 0
18 0 0
0 0 1
1 1.07434e+06 0
19 0 0
0 0 1
1 1.01053e+06 0
20 0 0
0 0 1
1 956593 0
21 0 0
0 0 1
1 911992 0
22 0 0
0 0 1
1 881676 0
23 0 0
0 0 1
1 863487 0
24 0 0
0 0 1
1 848715 0
25 0 0
0 0 1
1 834259 0
26 0 0
0 0 1
1 822877 0
27 0 0
0 0 1
1 813338 0
28 0 0
0 0 1
1 801793 0
29 0 0
0 0 1
1 791182 0
30 0 0
0 0 1
1 788248 0
-1 0 0
