91
1 0 0
0 0 1
1 9.2471e+06 0
2 0 0
0 0 1
1 8.00644e+06 0
3 0 0
0 0 1
1 6.7051e+06 0
4 0 0
0 0 1
1 5.46173e+06 0
5 0 0
0 0 1
1 4.34366e+06 0
6 0 0
0 0 1
1 3.41873e+06 0
7 0 0
0 0 1
1 2.71374e+06 0
8 0 0
0 0 1
1 2.18526e+06 0
9 0 0
0 0 1
1 1.77175e+06 0
10 0 0
0 0 1
1 1.44645e+06 0
11 0 0
0 0 1
1 1.20062e+06 0
12 0 0
0 0 1
1 1.01075e+06 0
13 0 0
0 0 1
1 851651 0
14 0 0
0 0 1
1 720318 0
15 0 0
0 0 1
1 621735 0
16 0 0
0 0 1
1 545825 0
17 0 0
0 0 1
1 477952 0
18 0 0
0 0 1
1 418747 0
19 0 0
0 0 1
1 375335 0
20 0 0
0 0 1
1 343491 0
21 0 0
0 0 1
1 314154 0
22 0 0
0 0 1
1 288302 0
23 0 0
0 0 1
1 271071 0
24 0 0
0 0 1
1 259117 0
25 0 0
0 0 1
1 246769 0
26 0 0
0 0 1
1 237759 0
27 0 0
0 0 1
1 239153 0
28 0 0
0 0 1
1 249617 0
29 0 0
0 0 1
1 263863 0
30 0 0
0 0 1
1 282525 0
-1 0 0
