91
1 0 0
0 0 1
1 1.20158e+07 0
2 0 0
0 0 1
1 1.02028e+07 0
3 0 0
0 0 1
1 8.478e+06 0
4 0 0
0 0 1
1 6.93725e+06 0
5 0 0
0 0 1
1 5.6472e+06 0
6 0 0
0 0 1
1 4.62881e+06 0
7 0 0
0 0 1
1 3.82785e+06 0
8 0 0
0 0 1
1 3.17453e+06 0
9 0 0
0 0 1
1 2.64463e+06 0
10 0 0
0 0 1
1 2.2325e+06 0
11 0 0
0 0 1
1 1.90574e+06 0
12 0 0
0 0 1
1 1.62584e+06 0
13 0 0
0 0 1
1 1.38645e+06 0
14 0 0
0 0 1
1 1.19643e+06 0
15 0 0
0 0 1
1 1.04521e+06 0
16 0 0
0 0 1
1 913646 0
17 0 0
0 0 1
1 801565 0
18 0 0
0 0 1
1 717653 0
19 0 0
0 0 1
1 654834 0
20 0 0
0 0 1
1 598434 0
21 0 0
0 0 1
1 547576 0
22 0 0
0 0 1
1 508685 0
23 0 0
0 0 1
1 478141 0
24 0 0
0 0 1
1 449355 0
25 0 0
0 0 1
1 427519 0
26 0 0
0 0 1
1 420667 0
27 0 0
0 0 1
1 424435 0
28 0 0
0 0 1
1 430587 0
29 0 0
0 0 1
1 442462 0
30 0 0
0 0 1
1 467851 0
-1 0 0
