91
1 0 0
0 0 1
1 6.69278e+06 0
2 0 0
0 0 1
1 5.66634e+06 0
3 0 0
0 0 1
1 4.69913e+06 0
4 0 0
0 0 1
1 3.86673e+06 0
5 0 0
0 0 1
1 3.17187e+06 0
6 0 0
0 0 1
1 2.60427e+06 0
7 0 0
0 0 1
1 2.1543e+06 0
8 0 0
0 0 1
1 1.79898e+06 0
9 0 0
0 0 1
1 1.50921e+06 0
10 0 0
0 0 1
1 1.26943e+06 0
11 0 0
0 0 1
1 1.07558e+06 0
12 0 0
0 0 1
1 919671 0
13 0 0
0 0 1
1 789893 0
14 0 0
0 0 1
1 681605 0
15 0 0
0 0 1
1 595495 0
16 0 0
0 0 1
1 527118 0
17 0 0
0 0 1
1 468313 0
18 0 0
0 0 1
1 416927 0
19 0 0
0 0 1
1 376093 0
20 0 0
0 0 1
1 345202 0
21 0 0
0 0 1
1 319434 0
22 0 0
0 0 1
1 296972 0
23 0 0
0 0 1
1 279493 0
24 0 0
0 0 1
1 266493 0
25 0 0
0 0 1
1 255775 0
26 0 0
0 0 1
1 248889 0
27 0 0
0 0 1
1 249858 0
28 0 0
0 0 1
1 258659 0
29 0 0
0 0 1
1 271187 0
30 0 0
0 0 1
1 285170 0
-1 0 0
