91
1 0 0
0 0 1
1 1.37603e+07 0
2 0 0
0 0 1
1 1.23344e+07 0
3 0 0
0 0 1
1 1.07121e+07 0
4 0 0
0 0 1
1 9.05567e+06 0
5 0 0
0 0 1
1 7.51169e+06 0
6 0 0
0 0 1
1 6.16061e+06 0
7 0 0
0 0 1
1 5.02523e+06 0
8 0 0
0 0 1
1 4.10035e+06 0
9 0 0
0 0 1
1 3.36158e+06 0
10 0 0
0 0 1
1 2.77022e+06 0
11 0 0
0 0 1
1 2.29146e+06 0
12 0 0
0 0 1
1 1.90464e+06 0
13 0 0
0 0 1
1 1.59277e+06 0
14 0 0
0 0 1
1 1.33492e+06 0
15 0 0
0 0 1
1 1.11625e+06 0
16 0 0
0 0 1
1 935048 0
17 0 0
0 0 1
1 792149 0
18 0 0
0 0 1
1 680731 0
19 0 0
0 0 1
1 591781 0
20 0 0
0 0 1
1 521513 0
21 0 0
0 0 1
1 467460 0
22 0 0
0 0 1
1 423980 0
23 0 0
0 0 1
1 387319 0
24 0 0
0 0 1
1 359674 0
25 0 0
0 0 1
1 343449 0
26 0 0
0 0 1
1 336461 0
27 0 0
0 0 1
1 336799 0
28 0 0
0 0 1
1 347268 0
29 0 0
0 0 1
1 370718 0
30 0 0
0 0 1
1 404880 0
-1 0 0
