91
1 0 0
0 0 1
1 1.14899e+07 0
2 0 0
0 0 1
1 1.03916e+07 0
3 0 0
0 0 1
1 9.15384e+06 0
4 0 0
0 0 1
1 7.85708e+06 0
5 0 0
0 0 1
1 6.59738e+06 0
6 0 0
0 0 1
1 5.45513e+06 0
7 0 0
0 0 1
1 4.4826e+06 0
8 0 0
0 0 1
1 3.69084e+06 0
9 0 0
0 0 1
1 3.0542e+06 0
10 0 0
0 0 1
1 2.54108e+06 0
11 0 0
0 0 1
1 2.13363e+06 0
12 0 0
0 0 1
1 1.81533e+06 0
13 0 0
0 0 1
1 1.55975e+06 0
14 0 0
0 0 1
1 1.34512e+06 0
15 0 0
0 0 1
1 1.16706e+06 0
16 0 0
0 0 1
1 1.02574e+06 0
17 0 0
0 0 1
1 911837 0
18 0 0
0 0 1
1 814584 0
19 0 0
0 0 1
1 732391 0
20 0 0
0 0 1
1 665563 0
21 0 0
0 0 1
1 608567 0
22 0 0
0 0 1
1 558808 0
23 0 0
0 0 1
1 523672 0
24 0 0
0 0 1
1 509261 0
25 0 0
0 0 1
1 509588 0
26 0 0
0 0 1
1 514875 0
27 0 0
0 0 1
1 522991 0
28 0 0
0 0 1
1 535215 0
29 0 0
0 0 1
1 548421 0
30 0 0
0 0 1
1 559252 0
-1 0 0
