91
1 0 0
0 0 1
1 7.62441e+06 0
2 0 0
0 0 1
1 6.41422e+06 0
3 0 0
0 0 1
1 5.16665e+06 0
4 0 0
0 0 1
1 4.05545e+06 0
5 0 0
0 0 1
1 3.15861e+06 0
6 0 0
0 0 1
1 2.48404e+06 0
7 0 0
0 0 1
1 1.99756e+06 0
8 0 0
0 0 1
1 1.64775e+06 0
9 0 0
0 0 1
1 1.38982e+06 0
10 0 0
0 0 1
1 1.1957e+06 0
11 0 0
0 0 1
1 1.047e+06 0
12 0 0
0 0 1
1 927424 0
13 0 0
0 0 1
1 825350 0
14 0 0
0 0 1
1 736524 0
15 0 0
0 0 1
1 659643 0
16 0 0
0 0 1
1 592621 0
17 0 0
0 0 1
1 534730 0
18 0 0
0 0 1
1 487269 0
19 0 0
0 0 1
1 449460 0
20 0 0
0 0 1
1 417548 0
21 0 0
0 0 1
1 389680 0
22 0 0
0 0 1
1 367496 0
23 0 0
0 0 1
1 351208 0
24 0 0
0 0 1
1 337580 0
25 0 0
0 0 1
1 324972 0
26 0 0
0 0 1
1 316176 0
27 0 0
0 0 1
1 313739 0
28 0 0
0 0 1
1 316210 0
29 0 0
0 0 1
1 321508 0
30 0 0
0 0 1
1 330421 0
-1 0 0
