91
1 0 0
0 0 1
1 1.44408e+07 0
2 0 0
0 0 1
1 1.25946e+07 0
3 0 0
0 0 1
1 1.06996e+07 0
4 0 0
0 0 1
1 8.93567e+06 0
5 0 0
0 0 1
1 7.36965e+06 0
6 0 0
0 0 1
1 6.01965e+06 0
7 0 0
0 0 1
1 4.90102e+06 0
8 0 0
0 0 1
1 4.00324e+06 0
9 0 0
0 0 1
1 3.27718e+06 0
10 0 0
0 0 1
1 2.67849e+06 0
11 0 0
0 0 1
1 2.1975e+06 0
12 0 0
0 0 1
1 1.82874e+06 0
13 0 0
0 0 1
1 1.54127e+06 0
14 0 0
0 0 1
1 1.30243e+06 0
15 0 0
0 0 1
1 1.10654e+06 0
16 0 0
0 0 1
1 957425 0
17 0 0
0 0 1
1 842111 0
18 0 0
0 0 1
1 743277 0
19 0 0
0 0 1
1 661083 0
20 0 0
0 0 1
1 601214 0
21 0 0
0 0 1
1 554599 0
22 0 0
0 0 1
1 508863 0
23 0 0
0 0 1
1 468846 0
24 0 0
0 0 1
1 446773 0
25 0 0
0 0 1
1 440660 0
26 0 0
0 0 1
1 439598 0
27 0 0
0 0 1
1 443250 0
28 0 0
0 0 1
1 460064 0
29 0 0
0 0 1
1 491412 0
30 0 0
0 0 1
1 530777 0
-1 0 0
