91
1 0 0
0 0 1
1 8.33372e+06 0
2 0 0
0 0 1
1 7.35839e+06 0
3 0 0
0 0 1
1 6.35925e+06 0
4 0 0
0 0 1
1 5.36633e+06 0
5 0 0
0 0 1
1 4.4229e+06 0
6 0 0
0 0 1
1 3.59413e+06 0
7 0 0
0 0 1
1 2.91913e+06 0
8 0 0
0 0 1
1 2.38758e+06 0
9 0 0
0 0 1
1 1.96797e+06 0
10 0 0
0 0 1
1 1.63727e+06 0
11 0 0
0 0 1
1 1.37876e+06 0
12 0 0
0 0 1
1 1.1727e+06 0
13 0 0
0 0 1
1 1.00322e+06 0
14 0 0
0 0 1
1 864995 0
15 0 0
0 0 1
1 754831 0
16 0 0
0 0 1
1 664153 0
17 0 0
0 0 1
1 585744 0
18 0 0
0 0 1
1 520285 0
19 0 0
0 0 1
1 469741 0
20 0 0
0 0 1
1 429992 0
21 0 0
0 0 1
1 395350 0
22 0 0
0 0 1
1 365102 0
23 0 0
0 0 1
1 340704 0
24 0 0
0 0 1
1 321058 0
25 0 0
0 0 1
1 305117 0
26 0 0
0 0 1
1 295116 0
27 0 0
0 0 1
1 293137 0
28 0 0
0 0 1
1 297879 0
29 0 0
0 0 1
1 308012 0
30 0 0
0 0 1
1 324750 0
-1 0 0
