91
1 0 0
0 0 1
1 1.26349e+07 0
2 0 0
0 0 1
1 1.06925e+07 0
3 0 0
0 0 1
1 8.78671e+06 0
4 0 0
0 0 1
1 7.14865e+06 0
5 0 0
0 0 1
1 5.81802e+06 0
6 0 0
0 0 1
1 4.74951e+06 0
7 0 0
0 0 1
1 3.90247e+06 0
8 0 0
0 0 1
1 3.23736e+06 0
9 0 0
0 0 1
1 2.70193e+06 0
10 0 0
0 0 1
1 2.2576e+06 0
11 0 0
0 0 1
1 1.89407e+06 0
12 0 0
0 0 1
1 1.6042e+06 0
13 0 0
0 0 1
1 1.36769e+06 0
14 0 0
0 0 1
1 1.1691e+06 0
15 0 0
0 0 1
1 1.0091e+06 0
16 0 0
0 0 1
1 886468 0
17 0 0
0 0 1
1 787052 0
18 0 0
0 0 1
1 699789 0
19 0 0
0 0 1
1 627857 0
20 0 0
0 0 1
1 574547 0
21 0 0
0 0 1
1 531783 0
22 0 0
0 0 1
1 491435 0
23 0 0
0 0 1
1 456352 0
24 0 0
0 0 1
1 432008 0
25 0 0
0 0 1
1 417121 0
26 0 0
0 0 1
1 409886 0
27 0 0
0 0 1
1 414609 0
28 0 0
0 0 1
1 434762 0
29 0 0
0 0 1
1 465822 0
30 0 0
0 0 1
1 500075 0
-1 0 0
