91
1 0 0
0 0 1
1 1.35228e+07 0
2 0 0
0 0 1
1 1.19857e+07 0
3 0 0
0 0 1
1 1.032e+07 0
4 0 0
0 0 1
1 8.63034e+06 0
5 0 0
0 0 1
1 7.0585e+06 0
6 0 0
0 0 1
1 5.72055e+06 0
7 0 0
0 0 1
1 4.6398e+06 0
8 0 0
0 0 1
1 3.7753e+06 0
9 0 0
0 0 1
1 3.08992e+06 0
10 0 0
0 0 1
1 2.56163e+06 0
11 0 0
0 0 1
1 2.15633e+06 0
12 0 0
0 0 1
1 1.83189e+06 0
13 0 0
0 0 1
1 1.5655e+06 0
14 0 0
0 0 1
1 1.35192e+06 0
15 0 0
0 0 1
1 1.18063e+06 0
16 0 0
0 0 1
1 1.03563e+06 0
17 0 0
0 0 1
1 911687 0
18 0 0
0 0 1
1 811400 0
19 0 0
0 0 1
1 729758 0
20 0 0
0 0 1
1 657675 0
21 0 0
0 0 1
1 595980 0
22 0 0
0 0 1
1 550765 0
23 0 0
0 0 1
1 518915 0
24 0 0
0 0 1
1 491984 0
25 0 0
0 0 1
1 470360 0
26 0 0
0 0 1
1 460652 0
27 0 0
0 0 1
1 463010 0
28 0 0
0 0 1
1 473205 0
29 0 0
0 0 1
1 492982 0
30 0 0
0 0 1
1 525439 0
-1 0 0
