91
1 0 0
0 0 1
1 6.1784e+06 0
2 0 0
0 0 1
1 5.38206e+06 0
3 0 0
0 0 1
1 4.64106e+06 0
4 0 0
0 0 1
1 3.97054e+06 0
5 0 0
0 0 1
1 3.34064e+06 0
6 0 0
0 0 1
1 2.76003e+06 0
7 0 0
0 0 1
1 2.26488e+06 0
8 0 0
0 0 1
1 1.86853e+06 0
9 0 0
0 0 1
1 1.5544e+06 0
10 0 0
0 0 1
1 1.3039e+06 0
11 0 0
0 0 1
1 1.10718e+06 0
12 0 0
0 0 1
1 952956 0
13 0 0
0 0 1
1 827392 0
14 0 0
0 0 1
1 723533 0
15 0 0
0 0 1
1 640659 0
16 0 0
0 0 1
1 574974 0
17 0 0
0 0 1
1 519549 0
18 0 0
0 0 1
1 471879 0
19 0 0
0 0 1
1 433459 0
20 0 0
0 0 1
1 402772 0
21 0 0
0 0 1
1 375587 0
22 0 0
0 0 1
1 351428 0
23 0 0
0 0 1
1 333505 0
24 0 0
0 0 1
1 322537 0
25 0 0
0 0 1
1 316013 0
26 0 0
0 0 1
1 313116 0
27 0 0
0 0 1
1 315140 0
28 0 0
0 0 1
1 320862 0
29 0 0
0 0 1
1 326143 0
30 0 0
0 0 1
1 328830 0
-1 0 0
