91
1 0 0
0 0 1
1 1.03801e+07 0
2 0 0
0 0 1
1 8.95361e+06 0
3 0 0
0 0 1
1 7.35592e+06 0
4 0 0
0 0 1
1 5.91369e+06 0
5 0 0
0 0 1
1 4.74608e+06 0
6 0 0
0 0 1
1 3.82798e+06 0
7 0 0
0 0 1
1 3.1119e+06 0
8 0 0
0 0 1
1 2.56332e+06 0
9 0 0
0 0 1
1 2.14011e+06 0
10 0 0
0 0 1
1 1.79901e+06 0
11 0 0
0 0 1
1 1.51878e+06 0
12 0 0
0 0 1
1 1.29352e+06 0
13 0 0
0 0 1
1 1.11138e+06 0
14 0 0
0 0 1
1 957257 0
15 0 0
0 0 1
1 827274 0
16 0 0
0 0 1
1 724042 0
17 0 0
0 0 1
1 642932 0
18 0 0
0 0 1
1 574995 0
19 0 0
0 0 1
1 517768 0
20 0 0
0 0 1
1 472414 0
21 0 0
0 0 1
1 435103 0
22 0 0
0 0 1
1 400692 0
23 0 0
0 0 1
1 370623 0
24 0 0
0 0 1
1 348822 0
25 0 0
0 0 1
1 333725 0
26 0 0
0 0 1
1 321741 0
27 0 0
0 0 1
1 314768 0
28 0 0
0 0 1
1 317260 0
29 0 0
0 0 1
1 328881 0
30 0 0
0 0 1
1 346030 0
-1 0 0
