91
1 0 0
0 0 1
1 7.121e+06 0
2 0 0
0 0 1
1 5.88852e+06 0
3 0 0
0 0 1
1 4.61413e+06 0
4 0 0
0 0 1
1 3.522e+06 0
5 0 0
0 0 1
1 2.7013e+06 0
6 0 0
0 0 1
1 2.12149e+06 0
7 0 0
0 0 1
1 1.71011e+06 0
8 0 0
0 0 1
1 1.41334e+06 0
9 0 0
0 0 1
1 1.20006e+06 0
10 0 0
0 0 1
1 1.04241e+06 0
11 0 0
0 0 1
1 914696 0
12 0 0
0 0 1
1 804640 0
13 0 0
0 0 1
1 711148 0
14 0 0
0 0 1
1 631746 0
15 0 0
0 0 1
1 560705 0
16 0 0
0 0 1
1 496919 0
17 0 0
0 0 1
1 444018 0
18 0 0
0 0 1
1 402310 0
19 0 0
0 0 1
1 367490 0
20 0 0
0 0 1
1 337345 0
21 0 0
0 0 1
1 313412 0
22 0 0
0 0 1
1 295639 0
23 0 0
0 0 1
1 281122 0
24 0 0
0 0 1
1 268855 0
25 0 0
0 0 1
1 260722 0
26 0 0
0 0 1
1 256979 0
27 0 0
0 0 1
1 255180 0
28 0 0
0 0 1
1 254407 0
29 0 0
0 0 1
1 256617 0
30 0 0
0 0 1
1 263051 0
-1 0 0
