91
1 0 0
0 0 1
1 1.4741e+07 0
2 0 0
0 0 1
1 1.26566e+07 0
3 0 0
0 0 1
1 1.04478e+07 0
4 0 0
0 0 1
1 8.49087e+06 0
5 0 0
0 0 1
1 6.83249e+06 0
6 0 0
0 0 1
1 5.44777e+06 0
7 0 0
0 0 1
1 4.36663e+06 0
8 0 0
0 0 1
1 3.58253e+06 0
9 0 0
0 0 1
1 3.00523e+06 0
10 0 0
0 0 1
1 2.5504e+06 0
11 0 0
0 0 1
1 2.19562e+06 0
12 0 0
0 0 1
1 1.92728e+06 0
13 0 0
0 0 1
1 1.70416e+06 0
14 0 0
0 0 1
1 1.49959e+06 0
15 0 0
0 0 1
1 1.32532e+06 0
16 0 0
0 0 1
1 1.18977e+06 0
17 0 0
0 0 1
1 1.07353e+06 0
18 0 0
0 0 1
1 963335 0
19 0 0
0 0 1
1 872151 0
20 0 0
0 0 1
1 808240 0
21 0 0
0 0 1
1 756265 0
22 0 0
0 0 1
1 704300 0
23 0 0
0 0 1
1 661249 0
24 0 0
0 0 1
1 633885 0
25 0 0
0 0 1
1 612014 0
26 0 0
0 0 1
1 588997 0
27 0 0
0 0 1
1 574313 0
28 0 0
0 0 1
1 574521 0
29 0 0
0 0 1
1 581982 0
30 0 0
0 0 1
1 591450 0
-1 0 0
