91
1 0 0
0 0 1
1 1.39003e+07 0
2 0 0
0 0 1
1 1.21148e+07 0
3 0 0
0 0 1
1 1.02603e+07 0
4 0 0
0 0 1
1 8.50313e+06 0
5 0 0
0 0 1
1 6.95875e+06 0
6 0 0
0 0 1
1 5.66801e+06 0
7 0 0
0 0 1
1 4.61684e+06 0
8 0 0
0 0 1
1 3.77413e+06 0
9 0 0
0 0 1
1 3.10639e+06 0
10 0 0
0 0 1
1 2.57674e+06 0
11 0 0
0 0 1
1 2.15287e+06 0
12 0 0
0 0 1
1 1.81577e+06 0
13 0 0
0 0 1
1 1.5519e+06 0
14 0 0
0 0 1
1 1.34208e+06 0
15 0 0
0 0 1
1 1.1673e+06 0
16 0 0
0 0 1
1 1.02033e+06 0
17 0 0
0 0 1
1 902000 0
18 0 0
0 0 1
1 808859 0
19 0 0
0 0 1
1 732496 0
20 0 0
0 0 1
1 667863 0
21 0 0
0 0 1
1 614424 0
22 0 0
0 0 1
1 570639 0
23 0 0
0 0 1
1 534033 0
24 0 0
0 0 1
1 505652 0
25 0 0
0 0 1
1 488793 0
26 0 0
0 0 1
1 484101 0
27 0 0
0 0 1
1 490288 0
28 0 0
0 0 1
1 507948 0
29 0 0
0 0 1
1 537546 0
30 0 0
0 0 1
1 574281 0
-1 0 0
