91
1 0 0
0 0 1
1 7.90348e+06 0
2 0 0
0 0 1
1 7.00977e+06 0
3 0 0
0 0 1
1 6.03155e+06 0
4 0 0
0 0 1
1 5.05849e+06 0
5 0 0
0 0 1
1 4.17108e+06 0
6 0 0
0 0 1
1 3.41439e+06 0
7 0 0
0 0 1
1 2.78647e+06 0
8 0 0
0 0 1
1 2.27019e+06 0
9 0 0
0 0 1
1 1.858e+06 0
10 0 0
0 0 1
1 1.54052e+06 0
11 0 0
0 0 1
1 1.29478e+06 0
12 0 0
0 0 1
1 1.098e+06 0
13 0 0
0 0 1
1 940647 0
14 0 0
0 0 1
1 817791 0
15 0 0
0 0 1
1 719052 0
16 0 0
0 0 1
1 635368 0
17 0 0
0 0 1
1 565953 0
18 0 0
0 0 1
1 511062 0
19 0 0
0 0 1
1 465428 0
20 0 0
0 0 1
1 424634 0
21 0 0
0 0 1
1 390636 0
22 0 0
0 0 1
1 365289 0
23 0 0
0 0 1
1 344825 0
24 0 0
0 0 1
1 325871 0
25 0 0
0 0 1
1 310961 0
26 0 0
0 0 1
1 303104 0
27 0 0
0 0 1
1 300204 0
28 0 0
0 0 1
1 299708 0
29 0 0
0 0 1
1 304132 0
30 0 0
0 0 1
1 317162 0
-1 0 0
