91
1 0 0
0 0 1
1 7.15894e+06 0
2 0 0
0 0 1
1 6.09825e+06 0
3 0 0
0 0 1
1 5.01124e+06 0
4 0 0
0 0 1
1 4.02294e+06 0
5 0 0
0 0 1
1 3.18349e+06 0
6 0 0
0 0 1
1 2.51191e+06 0
7 0 0
0 0 1
1 2.00405e+06 0
8 0 0
0 0 1
1 1.6289e+06 0
9 0 0
0 0 1
1 1.34612e+06 0
10 0 0
0 0 1
1 1.12762e+06 0
11 0 0
0 0 1
1 957718 0
12 0 0
0 0 1
1 822681 0
13 0 0
0 0 1
1 710566 0
14 0 0
0 0 1
1 616300 0
15 0 0
0 0 1
1 538550 0
16 0 0
0 0 1
1 473754 0
17 0 0
0 0 1
1 418005 0
18 0 0
0 0 1
1 371245 0
19 0 0
0 0 1
1 334471 0
20 0 0
0 0 1
1 305208 0
21 0 0
0 0 1
1 279901 0
22 0 0
0 0 1
1 258376 0
23 0 0
0 0 1
1 242084 0
24 0 0
0 0 1
1 230016 0
25 0 0
0 0 1
1 220059 0
26 0 0
0 0 1
1 212711 0
27 0 0
0 0 1
1 210036 0
28 0 0
0 0 1
1 212070 0
29 0 0
0 0 1
1 217064 0
30 0 0
0 0 1
1 224232 0
-1 0 0
