91
1 0 0
0 0 1
1 6.49047e+06 0
2 0 0
0 0 1
1 5.46585e+06 0
3 0 0
0 0 1
1 4.47284e+06 0
4 0 0
0 0 1
1 3.65092e+06 0
5 0 0
0 0 1
1 3.00647e+06 0
6 0 0
0 0 1
1 2.50035e+06 0
7 0 0
0 0 1
1 2.10428e+06 0
8 0 0
0 0 1
1 1.79638e+06 0
9 0 0
0 0 1
1 1.55036e+06 0
10 0 0
0 0 1
1 1.34444e+06 0
11 0 0
0 0 1
1 1.16826e+06 0
12 0 0
0 0 1
1 1.01673e+06 0
13 0 0
0 0 1
1 885113 0
14 0 0
0 0 1
1 771167 0
15 0 0
0 0 1
1 674838 0
16 0 0
0 0 1
1 594106 0
17 0 0
0 0 1
1 525509 0
18 0 0
0 0 1
1 468270 0
19 0 0
0 0 1
1 423322 0
20 0 0
0 0 1
1 388675 0
21 0 0
0 0 1
1 359882 0
22 0 0
0 0 1
1 334889 0
23 0 0
0 0 1
1 314903 0
24 0 0
0 0 1
1 300809 0
25 0 0
0 0 1
1 291888 0
26 0 0
0 0 1
1 287844 0
27 0 0
0 0 1
1 289256 0
28 0 0
0 0 1
1 295681 0
29 0 0
0 0 1
1 304894 0
30 0 0
0 0 1
1 313763 0
-1 0 0
