91
1 0 0
0 0 1
1 7.2762e+06 0
2 0 0
0 0 1
1 6.59116e+06 0
3 0 0
0 0 1
1 5.83544e+06 0
4 0 0
0 0 1
1 5.07144e+06 0
5 0 0
0 0 1
1 4.3591e+06 0
6 0 0
0 0 1
1 3.72274e+06 0
7 0 0
0 0 1
1 3.15826e+06 0
8 0 0
0 0 1
1 2.66436e+06 0
9 0 0
0 0 1
1 2.24775e+06 0
10 0 0
0 0 1
1 1.90563e+06 0
11 0 0
0 0 1
1 1.6235e+06 0
12 0 0
0 0 1
1 1.38988e+06 0
13 0 0
0 0 1
1 1.20001e+06 0
14 0 0
0 0 1
1 1.04631e+06 0
15 0 0
0 0 1
1 917538 0
16 0 0
0 0 1
1 807711 0
17 0 0
0 0 1
1 716585 0
18 0 0
0 0 1
1 641229 0
19 0 0
0 0 1
1 575141 0
20 0 0
0 0 1
1 515713 0
21 0 0
0 0 1
1 465409 0
22 0 0
0 0 1
1 425203 0
23 0 0
0 0 1
1 392648 0
24 0 0
0 0 1
1 366353 0
25 0 0
0 0 1
1 347146 0
26 0 0
0 0 1
1 334850 0
27 0 0
0 0 1
1 328232 0
28 0 0
0 0 1
1 327441 0
29 0 0
0 0 1
1 332477 0
30 0 0
0 0 1
1 340185 0
-1 0 0
