91
1 0 0
0 0 1
1 9.42977e+06 0
2 0 0
0 0 1
1 8.43486e+06 0
3 0 0
0 0 1
1 7.4588e+06 0
4 0 0
0 0 1
1 6.54991e+06 0
5 0 0
0 0 1
1 5.73197e+06 0
6 0 0
0 0 1
1 5.00754e+06 0
7 0 0
0 0 1
1 4.369e+06 0
8 0 0
0 0 1
1 3.81017e+06 0
9 0 0
0 0 1
1 3.32755e+06 0
10 0 0
0 0 1
1 2.91491e+06 0
11 0 0
0 0 1
1 2.56268e+06 0
12 0 0
0 0 1
1 2.26248e+06 0
13 0 0
0 0 1
1 2.00788e+06 0
14 0 0
0 0 1
1 1.79115e+06 0
15 0 0
0 0 1
1 1.60365e+06 0
16 0 0
0 0 1
1 1.44062e+06 0
17 0 0
0 0 1
1 1.30216e+06 0
18 0 0
0 0 1
1 1.18769e+06 0
19 0 0
0 0 1
1 1.09241e+06 0
20 0 0
0 0 1
1 1.01092e+06 0
21 0 0
0 0 1
1 941471 0
22 0 0
0 0 1
1 884310 0
23 0 0
0 0 1
1 837796 0
24 0 0
0 0 1
1 799210 0
25 0 0
0 0 1
1 768395 0
26 0 0
0 0 1
1 747424 0
27 0 0
0 0 1
1 736405 0
28 0 0
0 0 1
1 731874 0
29 0 0
0 0 1
1 729854 0
30 0 0
0 0 1
1 728389 0
-1 0 0
