91
1 0 0
0 0 1
1 7.53664e+06 0
2 0 0
0 0 1
1 6.6773e+06 0
3 0 0
0 0 1
1 5.7709e+06 0
4 0 0
0 0 1
1 4.86199e+06 0
5 0 0
0 0 1
1 4.02014e+06 0
6 0 0
0 0 1
1 3.29929e+06 0
7 0 0
0 0 1
1 2.70886e+06 0
8 0 0
0 0 1
1 2.23103e+06 0
9 0 0
0 0 1
1 1.84963e+06 0
10 0 0
0 0 1
1 1.55275e+06 0
11 0 0
0 0 1
1 1.32144e+06 0
12 0 0
0 0 1
1 1.13322e+06 0
13 0 0
0 0 1
1 975401 0
14 0 0
0 0 1
1 845352 0
15 0 0
0 0 1
1 739796 0
16 0 0
0 0 1
1 651868 0
17 0 0
0 0 1
1 577276 0
18 0 0
0 0 1
1 515629 0
19 0 0
0 0 1
1 465314 0
20 0 0
0 0 1
1 422668 0
21 0 0
0 0 1
1 386268 0
22 0 0
0 0 1
1 357096 0
23 0 0
0 0 1
1 334366 0
24 0 0
0 0 1
1 315571 0
25 0 0
0 0 1
1 300874 0
26 0 0
0 0 1
1 293402 0
27 0 0
0 0 1
1 294711 0
28 0 0
0 0 1
1 303240 0
29 0 0
0 0 1
1 317204 0
30 0 0
0 0 1
1 335229 0
-1 0 0
