91
1 0 0
0 0 1
1 1.31887e+07 0
2 0 0
0 0 1
1 1.10849e+07 0
3 0 0
0 0 1
1 9.03567e+06 0
4 0 0
0 0 1
1 7.25969e+06 0
5 0 0
0 0 1
1 5.83632e+06 0
6 0 0
0 0 1
1 4.74929e+06 0
7 0 0
0 0 1
1 3.93789e+06 0
8 0 0
0 0 1
1 3.33139e+06 0
9 0 0
0 0 1
1 2.86792e+06 0
10 0 0
0 0 1
1 2.5018e+06 0
11 0 0
0 0 1
1 2.20271e+06 0
12 0 0
0 0 1
1 1.95172e+06 0
13 0 0
0 0 1
1 1.7376e+06 0
14 0 0
0 0 1
1 1.55342e+06 0
15 0 0
0 0 1
1 1.39399e+06 0
16 0 0
0 0 1
1 1.25599e+06 0
17 0 0
0 0 1
1 1.13855e+06 0
18 0 0
0 0 1
1 1.04093e+06 0
19 0 0
0 0 1
1 959589 0
20 0 0
0 0 1
1 889741 0
21 0 0
0 0 1
1 829607 0
22 0 0
0 0 1
1 780347 0
23 0 0
0 0 1
1 741797 0
24 0 0
0 0 1
1 711348 0
25 0 0
0 0 1
1 687714 0
26 0 0
0 0 1
1 672627 0
27 0 0
0 0 1
1 667307 0
28 0 0
0 0 1
1 669924 0
29 0 0
0 0 1
1 678273 0
30 0 0
0 0 1
1 692487 0
-1 0 0
