91
1 0 0
0 0 1
1 8.32609e+06 0
2 0 0
0 0 1
1 6.95156e+06 0
3 0 0
0 0 1
1 5.53254e+06 0
4 0 0
0 0 1
1 4.26049e+06 0
5 0 0
0 0 1
1 3.25334e+06 0
6 0 0
0 0 1
1 2.52074e+06 0
7 0 0
0 0 1
1 1.99804e+06 0
8 0 0
0 0 1
1 1.61606e+06 0
9 0 0
0 0 1
1 1.33422e+06 0
10 0 0
0 0 1
1 1.12587e+06 0
11 0 0
0 0 1
1 963931 0
12 0 0
0 0 1
1 829317 0
13 0 0
0 0 1
1 716955 0
14 0 0
0 0 1
1 625020 0
15 0 0
0 0 1
1 547064 0
16 0 0
0 0 1
1 478468 0
17 0 0
0 0 1
1 420886 0
18 0 0
0 0 1
1 375208 0
19 0 0
0 0 1
1 337166 0
20 0 0
0 0 1
1 303610 0
21 0 0
0 0 1
1 276506 0
22 0 0
0 0 1
1 257188 0
23 0 0
0 0 1
1 242471 0
24 0 0
0 0 1
1 229747 0
25 0 0
0 0 1
1 220723 0
26 0 0
0 0 1
1 217135 0
27 0 0
0 0 1
1 217550 0
28 0 0
0 0 1
1 221126 0
29 0 0
0 0 1
1 230101 0
30 0 0
0 0 1
1 245942 0
-1 0 0
