91
1 0 0
0 0 1
1 1.51585e+07 0
2 0 0
0 0 1
1 1.24561e+07 0
3 0 0
0 0 1
1 9.86077e+06 0
4 0 0
0 0 1
1 7.71171e+06 0
5 0 0
0 0 1
1 6.07894e+06 0
6 0 0
0 0 1
1 4.86929e+06 0
7 0 0
0 0 1
1 3.95985e+06 0
8 0 0
0 0 1
1 3.2676e+06 0
9 0 0
0 0 1
1 2.73618e+06 0
10 0 0
0 0 1
1 2.31072e+06 0
11 0 0
0 0 1
1 1.95138e+06 0
12 0 0
0 0 1
1 1.64959e+06 0
13 0 0
0 0 1
1 1.40698e+06 0
14 0 0
0 0 1
1 1.21005e+06 0
15 0 0
0 0 1
1 1.04151e+06 0
16 0 0
0 0 1
1 900961 0
17 0 0
0 0 1
1 794471 0
18 0 0
0 0 1
1 713658 0
19 0 0
0 0 1
1 643655 0
20 0 0
0 0 1
1 583367 0
21 0 0
0 0 1
1 539994 0
22 0 0
0 0 1
1 509815 0
23 0 0
0 0 1
1 481328 0
24 0 0
0 0 1
1 452925 0
25 0 0
0 0 1
1 431889 0
26 0 0
0 0 1
1 419161 0
27 0 0
0 0 1
1 409551 0
28 0 0
0 0 1
1 405016 0
29 0 0
0 0 1
1 414895 0
30 0 0
0 0 1
1 443993 0
-1 0 0
