91
1 0 0
0 0 1
1 6.95963e+06 0
2 0 0
0 0 1
1 6.35738e+06 0
3 0 0
0 0 1
1 5.69173e+06 0
4 0 0
0 0 1
1 4.97827e+06 0
5 0 0
0 0 1
1 4.27097e+06 0
6 0 0
0 0 1
1 3.61797e+06 0
7 0 0
0 0 1
1 3.03148e+06 0
8 0 0
0 0 1
1 2.51079e+06 0
9 0 0
0 0 1
1 2.06859e+06 0
10 0 0
0 0 1
1 1.71684e+06 0
11 0 0
0 0 1
1 1.4439e+06 0
12 0 0
0 0 1
1 1.22466e+06 0
13 0 0
0 0 1
1 1.04492e+06 0
14 0 0
0 0 1
1 901646 0
15 0 0
0 0 1
1 787574 0
16 0 0
0 0 1
1 691153 0
17 0 0
0 0 1
1 608385 0
18 0 0
0 0 1
1 541949 0
19 0 0
0 0 1
1 489927 0
20 0 0
0 0 1
1 445356 0
21 0 0
0 0 1
1 405744 0
22 0 0
0 0 1
1 374085 0
23 0 0
0 0 1
1 350918 0
24 0 0
0 0 1
1 333081 0
25 0 0
0 0 1
1 320207 0
26 0 0
0 0 1
1 315487 0
27 0 0
0 0 1
1 319340 0
28 0 0
0 0 1
1 327760 0
29 0 0
0 0 1
1 337222 0
30 0 0
0 0 1
1 346495 0
-1 0 0
