91
1 0 0
0 0 1
1 7.10919e+06 0
2 0 0
0 0 1
1 5.8874e+06 0
3 0 0
0 0 1
1 4.66595e+06 0
4 0 0
0 0 1
1 3.62706e+06 0
5 0 0
0 0 1
1 2.84617e+06 0
6 0 0
0 0 1
1 2.28309e+06 0
7 0 0
0 0 1
1 1.86621e+06 0
8 0 0
0 0 1
1 1.5571e+06 0
9 0 0
0 0 1
1 1.33551e+06 0
10 0 0
0 0 1
1 1.16981e+06 0
11 0 0
0 0 1
1 1.03071e+06 0
12 0 0
0 0 1
1 912471 0
13 0 0
0 0 1
1 818648 0
14 0 0
0 0 1
1 741128 0
15 0 0
0 0 1
1 668980 0
16 0 0
0 0 1
1 604299 0
17 0 0
0 0 1
1 553257 0
18 0 0
0 0 1
1 511299 0
19 0 0
0 0 1
1 470702 0
20 0 0
0 0 1
1 434146 0
21 0 0
0 0 1
1 408235 0
22 0 0
0 0 1
1 390551 0
23 0 0
0 0 1
1 374279 0
24 0 0
0 0 1
1 359552 0
25 0 0
0 0 1
1 350112 0
26 0 0
0 0 1
1 344299 0
27 0 0
0 0 1
1 338856 0
28 0 0
0 0 1
1 337018 0
29 0 0
0 0 1
1 344134 0
30 0 0
0 0 1
1 359202 0
-1 0 0
