91
1 0 0
0 0 1
1 1.30877e+07 0
2 0 0
0 0 1
1 1.05813e+07 0
3 0 0
0 0 1
1 8.18747e+06 0
4 0 0
0 0 1
1 6.30353e+06 0
5 0 0
0 0 1
1 4.91924e+06 0
6 0 0
0 0 1
1 3.89285e+06 0
7 0 0
0 0 1
1 3.14309e+06 0
8 0 0
0 0 1
1 2.61679e+06 0
9 0 0
0 0 1
1 2.23275e+06 0
10 0 0
0 0 1
1 1.92315e+06 0
11 0 0
0 0 1
1 1.67138e+06 0
12 0 0
0 0 1
1 1.47397e+06 0
13 0 0
0 0 1
1 1.30632e+06 0
14 0 0
0 0 1
1 1.1493e+06 0
15 0 0
0 0 1
1 1.01236e+06 0
16 0 0
0 0 1
1 906194 0
17 0 0
0 0 1
1 819143 0
18 0 0
0 0 1
1 738895 0
19 0 0
0 0 1
1 672658 0
20 0 0
0 0 1
1 628127 0
21 0 0
0 0 1
1 595232 0
22 0 0
0 0 1
1 562937 0
23 0 0
0 0 1
1 536484 0
24 0 0
0 0 1
1 523439 0
25 0 0
0 0 1
1 518133 0
26 0 0
0 0 1
1 513186 0
27 0 0
0 0 1
1 512620 0
28 0 0
0 0 1
1 521150 0
29 0 0
0 0 1
1 532380 0
30 0 0
0 0 1
1 538778 0
-1 0 0
