91
1 0 0
0 0 1
1 7.59748e+06 0
2 0 0
0 0 1
1 6.46331e+06 0
3 0 0
0 0 1
1 5.36356e+06 0
4 0 0
0 0 1
1 4.40402e+06 0
5 0 0
0 0 1
1 3.6114e+06 0
6 0 0
0 0 1
1 2.96534e+06 0
7 0 0
0 0 1
1 2.43958e+06 0
8 0 0
0 0 1
1 2.01654e+06 0
9 0 0
0 0 1
1 1.67875e+06 0
10 0 0
0 0 1
1 1.40552e+06 0
11 0 0
0 0 1
1 1.18148e+06 0
12 0 0
0 0 1
1 999122 0
13 0 0
0 0 1
1 851184 0
14 0 0
0 0 1
1 728052 0
15 0 0
0 0 1
1 624000 0
16 0 0
0 0 1
1 539031 0
17 0 0
0 0 1
1 472223 0
18 0 0
0 0 1
1 418541 0
19 0 0
0 0 1
1 373716 0
20 0 0
0 0 1
1 337038 0
21 0 0
0 0 1
1 307632 0
22 0 0
0 0 1
1 282753 0
23 0 0
0 0 1
1 261583 0
24 0 0
0 0 1
1 246350 0
25 0 0
0 0 1
1 237748 0
26 0 0
0 0 1
1 233088 0
27 0 0
0 0 1
1 230914 0
28 0 0
0 0 1
1 233935 0
29 0 0
0 0 1
1 245303 0
30 0 0
0 0 1
1 264612 0
-1 0 0
