91
1 0 0
0 0 1
1 1.35375e+07 0
2 0 0
0 0 1
1 1.13639e+07 0
3 0 0
0 0 1
1 9.09296e+06 0
4 0 0
0 0 1
1 7.06654e+06 0
5 0 0
0 0 1
1 5.44042e+06 0
6 0 0
0 0 1
1 4.22804e+06 0
7 0 0
0 0 1
1 3.36167e+06 0
8 0 0
0 0 1
1 2.7447e+06 0
9 0 0
0 0 1
1 2.29496e+06 0
10 0 0
0 0 1
1 1.96064e+06 0
11 0 0
0 0 1
1 1.70609e+06 0
12 0 0
0 0 1
1 1.49915e+06 0
13 0 0
0 0 1
1 1.31892e+06 0
14 0 0
0 0 1
1 1.16186e+06 0
15 0 0
0 0 1
1 1.02921e+06 0
16 0 0
0 0 1
1 915219 0
17 0 0
0 0 1
1 813955 0
18 0 0
0 0 1
1 727770 0
19 0 0
0 0 1
1 660255 0
20 0 0
0 0 1
1 607147 0
21 0 0
0 0 1
1 561633 0
22 0 0
0 0 1
1 522709 0
23 0 0
0 0 1
1 491588 0
24 0 0
0 0 1
1 465710 0
25 0 0
0 0 1
1 443154 0
26 0 0
0 0 1
1 427756 0
27 0 0
0 0 1
1 423033 0
28 0 0
0 0 1
1 425727 0
29 0 0
0 0 1
1 431978 0
30 0 0
0 0 1
1 445417 0
-1 0 0
