91
1 0 0
0 0 1
1 7.92868e+06 0
2 0 0
0 0 1
1 6.65833e+06 0
3 0 0
0 0 1
1 5.29631e+06 0
4 0 0
0 0 1
1 4.118e+06 0
5 0 0
0 0 1
1 3.22798e+06 0
6 0 0
0 0 1
1 2.5777e+06 0
7 0 0
0 0 1
1 2.09252e+06 0
8 0 0
0 0 1
1 1.73269e+06 0
9 0 0
0 0 1
1 1.46816e+06 0
10 0 0
0 0 1
1 1.26202e+06 0
11 0 0
0 0 1
1 1.09079e+06 0
12 0 0
0 0 1
1 950721 0
13 0 0
0 0 1
1 837384 0
14 0 0
0 0 1
1 738745 0
15 0 0
0 0 1
1 649716 0
16 0 0
0 0 1
1 575306 0
17 0 0
0 0 1
1 516376 0
18 0 0
0 0 1
1 465948 0
19 0 0
0 0 1
1 420803 0
20 0 0
0 0 1
1 384297 0
21 0 0
0 0 1
1 356555 0
22 0 0
0 0 1
1 332690 0
23 0 0
0 0 1
1 311584 0
24 0 0
0 0 1
1 296851 0
25 0 0
0 0 1
1 288537 0
26 0 0
0 0 1
1 282499 0
27 0 0
0 0 1
1 278284 0
28 0 0
0 0 1
1 279760 0
29 0 0
0 0 1
1 287941 0
30 0 0
0 0 1
1 300191 0
-1 0 0
