91
1 0 0
0 0 1
1 7.0249e+06 0
2 0 0
0 0 1
1 6.31171e+06 0
3 0 0
0 0 1
1 5.59052e+06 0
4 0 0
0 0 1
1 4.91129e+06 0
5 0 0
0 0 1
1 4.29484e+06 0
6 0 0
0 0 1
1 3.74614e+06 0
7 0 0
0 0 1
1 3.26125e+06 0
8 0 0
0 0 1
1 2.83211e+06 0
9 0 0
0 0 1
1 2.45118e+06 0
10 0 0
0 0 1
1 2.11261e+06 0
11 0 0
0 0 1
1 1.81114e+06 0
12 0 0
0 0 1
1 1.54348e+06 0
13 0 0
0 0 1
1 1.31029e+06 0
14 0 0
0 0 1
1 1.11356e+06 0
15 0 0
0 0 1
1 951761 0
16 0 0
0 0 1
1 819752 0
17 0 0
0 0 1
1 712293 0
18 0 0
0 0 1
1 625342 0
19 0 0
0 0 1
1 554668 0
20 0 0
0 0 1
1 496235 0
21 0 0
0 0 1
1 448073 0
22 0 0
0 0 1
1 409598 0
23 0 0
0 0 1
1 379133 0
24 0 0
0 0 1
1 354210 0
25 0 0
0 0 1
1 334383 0
26 0 0
0 0 1
1 321663 0
27 0 0
0 0 1
1 317675 0
28 0 0
0 0 1
1 321595 0
29 0 0
0 0 1
1 330790 0
30 0 0
0 0 1
1 341917 0
-1 0 0
