91
1 0 0
0 0 1
1 8.50069e+06 0
2 0 0
0 0 1
1 7.31287e+06 0
3 0 0
0 0 1
1 6.0059e+06 0
4 0 0
0 0 1
1 4.83938e+06 0
5 0 0
0 0 1
1 3.89418e+06 0
6 0 0
0 0 1
1 3.13661e+06 0
7 0 0
0 0 1
1 2.52945e+06 0
8 0 0
0 0 1
1 2.0604e+06 0
9 0 0
0 0 1
1 1.70929e+06 0
10 0 0
0 0 1
1 1.44029e+06 0
11 0 0
0 0 1
1 1.22697e+06 0
12 0 0
0 0 1
1 1.0594e+06 0
13 0 0
0 0 1
1 927258 0
14 0 0
0 0 1
1 815546 0
15 0 0
0 0 1
1 717486 0
16 0 0
0 0 1
1 635803 0
17 0 0
0 0 1
1 569795 0
18 0 0
0 0 1
1 512963 0
19 0 0
0 0 1
1 463198 0
20 0 0
0 0 1
1 423763 0
21 0 0
0 0 1
1 393607 0
22 0 0
0 0 1
1 366827 0
23 0 0
0 0 1
1 342227 0
24 0 0
0 0 1
1 324060 0
25 0 0
0 0 1
1 312688 0
26 0 0
0 0 1
1 303304 0
27 0 0
0 0 1
1 294799 0
28 0 0
0 0 1
1 291567 0
29 0 0
0 0 1
1 295266 0
30 0 0
0 0 1
1 302470 0
-1 0 0
