91
1 0 0
0 0 1
1 7.48094e+06 0
2 0 0
0 0 1
1 6.41333e+06 0
3 0 0
0 0 1
1 5.19179e+06 0
4 0 0
0 0 1
1 4.06532e+06 0
5 0 0
0 0 1
1 3.16141e+06 0
6 0 0
0 0 1
1 2.49214e+06 0
7 0 0
0 0 1
1 2.01301e+06 0
8 0 0
0 0 1
1 1.6689e+06 0
9 0 0
0 0 1
1 1.41461e+06 0
10 0 0
0 0 1
1 1.22066e+06 0
11 0 0
0 0 1
1 1.06928e+06 0
12 0 0
0 0 1
1 946711 0
13 0 0
0 0 1
1 841899 0
14 0 0
0 0 1
1 749945 0
15 0 0
0 0 1
1 670777 0
16 0 0
0 0 1
1 603487 0
17 0 0
0 0 1
1 545300 0
18 0 0
0 0 1
1 495103 0
19 0 0
0 0 1
1 453412 0
20 0 0
0 0 1
1 418850 0
21 0 0
0 0 1
1 388514 0
22 0 0
0 0 1
1 361860 0
23 0 0
0 0 1
1 340725 0
24 0 0
0 0 1
1 325466 0
25 0 0
0 0 1
1 314257 0
26 0 0
0 0 1
1 306219 0
27 0 0
0 0 1
1 302277 0
28 0 0
0 0 1
1 302833 0
29 0 0
0 0 1
1 307191 0
30 0 0
0 0 1
1 315107 0
-1 0 0
