91
1 0 0
0 0 1
1 6.83946e+06 0
2 0 0
0 0 1
1 5.94704e+06 0
3 0 0
0 0 1
1 5.16412e+06 0
4 0 0
0 0 1
1 4.46031e+06 0
5 0 0
0 0 1
1 3.72138e+06 0
6 0 0
0 0 1
1 2.9785e+06 0
7 0 0
0 0 1
1 2.36166e+06 0
8 0 0
0 0 1
1 1.92004e+06 0
9 0 0
0 0 1
1 1.59517e+06 0
10 0 0
0 0 1
1 1.33397e+06 0
11 0 0
0 0 1
1 1.13543e+06 0
12 0 0
0 0 1
1 994595 0
13 0 0
0 0 1
1 878501 0
14 0 0
0 0 1
1 769648 0
15 0 0
0 0 1
1 681442 0
16 0 0
0 0 1
1 619225 0
17 0 0
0 0 1
1 565246 0
18 0 0
0 0 1
1 510187 0
19 0 0
0 0 1
1 465359 0
20 0 0
0 0 1
1 435680 0
21 0 0
0 0 1
1 409547 0
22 0 0
0 0 1
1 382340 0
23 0 0
0 0 1
1 364084 0
24 0 0
0 0 1
1 357371 0
25 0 0
0 0 1
1 350896 0
26 0 0
0 0 1
1 340615 0
27 0 0
0 0 1
1 335893 0
28 0 0
0 0 1
1 339191 0
29 0 0
0 0 1
1 339703 0
30 0 0
0 0 1
1 332846 0
-1 0 0
