91
1 0 0
0 0 1
1 6.82174e+06 0
2 0 0
0 0 1
1 5.90454e+06 0
3 0 0
0 0 1
1 4.84169e+06 0
4 0 0
0 0 1
1 3.8515e+06 0
5 0 0
0 0 1
1 3.06485e+06 0
6 0 0
0 0 1
1 2.48493e+06 0
7 0 0
0 0 1
1 2.05614e+06 0
8 0 0
0 0 1
1 1.7341e+06 0
9 0 0
0 0 1
1 1.49313e+06 0
10 0 0
0 0 1
1 1.3085e+06 0
11 0 0
0 0 1
1 1.15806e+06 0
12 0 0
0 0 1
1 1.0313e+06 0
13 0 0
0 0 1
1 924186 0
14 0 0
0 0 1
1 830932 0
15 0 0
0 0 1
1 747742 0
16 0 0
0 0 1
1 676935 0
17 0 0
0 0 1
1 620421 0
18 0 0
0 0 1
1 574208 0
19 0 0
0 0 1
1 533922 0
20 0 0
0 0 1
1 500055 0
21 0 0
0 0 1
1 473370 0
22 0 0
0 0 1
1 450661 0
23 0 0
0 0 1
1 429604 0
24 0 0
0 0 1
1 412859 0
25 0 0
0 0 1
1 402996 0
26 0 0
0 0 1
1 397758 0
27 0 0
0 0 1
1 394472 0
28 0 0
0 0 1
1 394819 0
29 0 0
0 0 1
1 400819 0
30 0 0
0 0 1
1 409701 0
-1 0 0
