91
1 0 0
0 0 1
1 7.74253e+06 0
2 0 0
0 0 1
1 7.01942e+06 0
3 0 0
0 0 1
1 6.15634e+06 0
4 0 0
0 0 1
1 5.2471e+06 0
5 0 0
0 0 1
1 4.37606e+06 0
6 0 0
0 0 1
1 3.59432e+06 0
7 0 0
0 0 1
1 2.93351e+06 0
8 0 0
0 0 1
1 2.41083e+06 0
9 0 0
0 0 1
1 2.01547e+06 0
10 0 0
0 0 1
1 1.71229e+06 0
11 0 0
0 0 1
1 1.46914e+06 0
12 0 0
0 0 1
1 1.27204e+06 0
13 0 0
0 0 1
1 1.1134e+06 0
14 0 0
0 0 1
1 981294 0
15 0 0
0 0 1
1 867125 0
16 0 0
0 0 1
1 771677 0
17 0 0
0 0 1
1 695688 0
18 0 0
0 0 1
1 632445 0
19 0 0
0 0 1
1 575647 0
20 0 0
0 0 1
1 526798 0
21 0 0
0 0 1
1 488611 0
22 0 0
0 0 1
1 457792 0
23 0 0
0 0 1
1 430366 0
24 0 0
0 0 1
1 408125 0
25 0 0
0 0 1
1 393657 0
26 0 0
0 0 1
1 384133 0
27 0 0
0 0 1
1 376207 0
28 0 0
0 0 1
1 372733 0
29 0 0
0 0 1
1 378201 0
30 0 0
0 0 1
1 390395 0
-1 0 0
