91
1 0 0
0 0 1
1 6.22662e+06 0
2 0 0
0 0 1
1 5.47519e+06 0
3 0 0
0 0 1
1 4.7006e+06 0
4 0 0
0 0 1
1 3.9604e+06 0
5 0 0
0 0 1
1 3.29339e+06 0
6 0 0
0 0 1
1 2.71795e+06 0
7 0 0
0 0 1
1 2.23753e+06 0
8 0 0
0 0 1
1 1.84789e+06 0
9 0 0
0 0 1
1 1.53946e+06 0
10 0 0
0 0 1
1 1.29716e+06 0
11 0 0
0 0 1
1 1.1037e+06 0
12 0 0
0 0 1
1 945932 0
13 0 0
0 0 1
1 817132 0
14 0 0
0 0 1
1 713227 0
15 0 0
0 0 1
1 629104 0
16 0 0
0 0 1
1 559673 0
17 0 0
0 0 1
1 502403 0
18 0 0
0 0 1
1 456482 0
19 0 0
0 0 1
1 419966 0
20 0 0
0 0 1
1 389498 0
21 0 0
0 0 1
1 362942 0
22 0 0
0 0 1
1 340879 0
23 0 0
0 0 1
1 324886 0
24 0 0
0 0 1
1 315166 0
25 0 0
0 0 1
1 310539 0
26 0 0
0 0 1
1 310201 0
27 0 0
0 0 1
1 314395 0
28 0 0
0 0 1
1 323056 0
29 0 0
0 0 1
1 334396 0
30 0 0
0 0 1
1 345460 0
-1 0 0
