91
1 0 0
0 0 1
1 1.33902e+07 0
2 0 0
0 0 1
1 1.19921e+07 0
3 0 0
0 0 1
1 1.03857e+07 0
4 0 0
0 0 1
1 8.73975e+06 0
5 0 0
0 0 1
1 7.22292e+06 0
6 0 0
0 0 1
1 5.92818e+06 0
7 0 0
0 0 1
1 4.8685e+06 0
8 0 0
0 0 1
1 4.01436e+06 0
9 0 0
0 0 1
1 3.32442e+06 0
10 0 0
0 0 1
1 2.76114e+06 0
11 0 0
0 0 1
1 2.29948e+06 0
12 0 0
0 0 1
1 1.92507e+06 0
13 0 0
0 0 1
1 1.62416e+06 0
14 0 0
0 0 1
1 1.37976e+06 0
15 0 0
0 0 1
1 1.17834e+06 0
16 0 0
0 0 1
1 1.01407e+06 0
17 0 0
0 0 1
1 883322 0
18 0 0
0 0 1
1 779425 0
19 0 0
0 0 1
1 695245 0
20 0 0
0 0 1
1 627312 0
21 0 0
0 0 1
1 574092 0
22 0 0
0 0 1
1 532298 0
23 0 0
0 0 1
1 497552 0
24 0 0
0 0 1
1 467704 0
25 0 0
0 0 1
1 443824 0
26 0 0
0 0 1
1 428561 0
27 0 0
0 0 1
1 424514 0
28 0 0
0 0 1
1 433568 0
29 0 0
0 0 1
1 456262 0
30 0 0
0 0 1
1 490261 0
-1 0 0
