91
1 0 0
0 0 1
1 6.25136e+06 0
2 0 0
0 0 1
1 5.49745e+06 0
3 0 0
0 0 1
1 4.66759e+06 0
4 0 0
0 0 1
1 3.87491e+06 0
5 0 0
0 0 1
1 3.19391e+06 0
6 0 0
0 0 1
1 2.64473e+06 0
7 0 0
0 0 1
1 2.2103e+06 0
8 0 0
0 0 1
1 1.86495e+06 0
9 0 0
0 0 1
1 1.5889e+06 0
10 0 0
0 0 1
1 1.36689e+06 0
11 0 0
0 0 1
1 1.18545e+06 0
12 0 0
0 0 1
1 1.03467e+06 0
13 0 0
0 0 1
1 908666 0
14 0 0
0 0 1
1 802494 0
15 0 0
0 0 1
1 711266 0
16 0 0
0 0 1
1 632477 0
17 0 0
0 0 1
1 566211 0
18 0 0
0 0 1
1 511762 0
19 0 0
0 0 1
1 466172 0
20 0 0
0 0 1
1 426920 0
21 0 0
0 0 1
1 393884 0
22 0 0
0 0 1
1 367464 0
23 0 0
0 0 1
1 346559 0
24 0 0
0 0 1
1 329795 0
25 0 0
0 0 1
1 317351 0
26 0 0
0 0 1
1 310137 0
27 0 0
0 0 1
1 307935 0
28 0 0
0 0 1
1 309544 0
29 0 0
0 0 1
1 314117 0
30 0 0
0 0 1
1 321170 0
-1 0 0
