91
1 0 0
0 0 1
1 7.87059e+06 0
2 0 0
0 0 1
1 6.78806e+06 0
3 0 0
0 0 1
1 5.70302e+06 0
4 0 0
0 0 1
1 4.72201e+06 0
5 0 0
0 0 1
1 3.88082e+06 0
6 0 0
0 0 1
1 3.19551e+06 0
7 0 0
0 0 1
1 2.65781e+06 0
8 0 0
0 0 1
1 2.23105e+06 0
9 0 0
0 0 1
1 1.88279e+06 0
10 0 0
0 0 1
1 1.60351e+06 0
11 0 0
0 0 1
1 1.38409e+06 0
12 0 0
0 0 1
1 1.2015e+06 0
13 0 0
0 0 1
1 1.03946e+06 0
14 0 0
0 0 1
1 902005 0
15 0 0
0 0 1
1 793836 0
16 0 0
0 0 1
1 705284 0
17 0 0
0 0 1
1 626859 0
18 0 0
0 0 1
1 561849 0
19 0 0
0 0 1
1 513427 0
20 0 0
0 0 1
1 473364 0
21 0 0
0 0 1
1 433883 0
22 0 0
0 0 1
1 398729 0
23 0 0
0 0 1
1 373209 0
24 0 0
0 0 1
1 353800 0
25 0 0
0 0 1
1 336036 0
26 0 0
0 0 1
1 323370 0
27 0 0
0 0 1
1 320611 0
28 0 0
0 0 1
1 326476 0
29 0 0
0 0 1
1 338385 0
30 0 0
0 0 1
1 356330 0
-1 0 0
