91
1 0 0
0 0 1
1 6.99928e+06 0
2 0 0
0 0 1
1 5.84864e+06 0
3 0 0
0 0 1
1 4.6892e+06 0
4 0 0
0 0 1
1 3.65307e+06 0
5 0 0
0 0 1
1 2.81706e+06 0
6 0 0
0 0 1
1 2.19705e+06 0
7 0 0
0 0 1
1 1.75775e+06 0
8 0 0
0 0 1
1 1.44391e+06 0
9 0 0
0 0 1
1 1.21214e+06 0
10 0 0
0 0 1
1 1.03799e+06 0
11 0 0
0 0 1
1 904132 0
12 0 0
0 0 1
1 794213 0
13 0 0
0 0 1
1 698252 0
14 0 0
0 0 1
1 614901 0
15 0 0
0 0 1
1 544766 0
16 0 0
0 0 1
1 485511 0
17 0 0
0 0 1
1 434590 0
18 0 0
0 0 1
1 391988 0
19 0 0
0 0 1
1 357867 0
20 0 0
0 0 1
1 330502 0
21 0 0
0 0 1
1 308259 0
22 0 0
0 0 1
1 291122 0
23 0 0
0 0 1
1 278921 0
24 0 0
0 0 1
1 270256 0
25 0 0
0 0 1
1 264457 0
26 0 0
0 0 1
1 262597 0
27 0 0
0 0 1
1 265394 0
28 0 0
0 0 1
1 271669 0
29 0 0
0 0 1
1 279787 0
30 0 0
0 0 1
1 289064 0
-1 0 0
