91
1 0 0
0 0 1
1 7.85464e+06 0
2 0 0
0 0 1
1 6.73286e+06 0
3 0 0
0 0 1
1 5.61726e+06 0
4 0 0
0 0 1
1 4.63286e+06 0
5 0 0
0 0 1
1 3.83321e+06 0
6 0 0
0 0 1
1 3.20246e+06 0
7 0 0
0 0 1
1 2.69176e+06 0
8 0 0
0 0 1
1 2.26324e+06 0
9 0 0
0 0 1
1 1.89976e+06 0
10 0 0
0 0 1
1 1.59009e+06 0
11 0 0
0 0 1
1 1.32496e+06 0
12 0 0
0 0 1
1 1.1035e+06 0
13 0 0
0 0 1
1 927697 0
14 0 0
0 0 1
1 790134 0
15 0 0
0 0 1
1 677469 0
16 0 0
0 0 1
1 583924 0
17 0 0
0 0 1
1 511174 0
18 0 0
0 0 1
1 456470 0
19 0 0
0 0 1
1 411035 0
20 0 0
0 0 1
1 370185 0
21 0 0
0 0 1
1 336145 0
22 0 0
0 0 1
1 310070 0
23 0 0
0 0 1
1 288757 0
24 0 0
0 0 1
1 270258 0
25 0 0
0 0 1
1 256400 0
26 0 0
0 0 1
1 248583 0
27 0 0
0 0 1
1 246148 0
28 0 0
0 0 1
1 249489 0
29 0 0
0 0 1
1 260182 0
30 0 0
0 0 1
1 277579 0
-1 0 0
