91
1 0 0
0 0 1
1 6.8456e+06 0
2 0 0
0 0 1
1 6.16109e+06 0
3 0 0
0 0 1
1 5.36871e+06 0
4 0 0
0 0 1
1 4.53127e+06 0
5 0 0
0 0 1
1 3.73385e+06 0
6 0 0
0 0 1
1 3.04414e+06 0
7 0 0
0 0 1
1 2.48515e+06 0
8 0 0
0 0 1
1 2.0447e+06 0
9 0 0
0 0 1
1 1.69928e+06 0
10 0 0
0 0 1
1 1.42689e+06 0
11 0 0
0 0 1
1 1.20913e+06 0
12 0 0
0 0 1
1 1.0321e+06 0
13 0 0
0 0 1
1 886885 0
14 0 0
0 0 1
1 767352 0
15 0 0
0 0 1
1 668249 0
16 0 0
0 0 1
1 585979 0
17 0 0
0 0 1
1 519048 0
18 0 0
0 0 1
1 465933 0
19 0 0
0 0 1
1 423476 0
20 0 0
0 0 1
1 388255 0
21 0 0
0 0 1
1 358404 0
22 0 0
0 0 1
1 333241 0
23 0 0
0 0 1
1 312292 0
24 0 0
0 0 1
1 295622 0
25 0 0
0 0 1
1 284014 0
26 0 0
0 0 1
1 277674 0
27 0 0
0 0 1
1 275497 0
28 0 0
0 0 1
1 276701 0
29 0 0
0 0 1
1 282403 0
30 0 0
0 0 1
1 293933 0
-1 0 0
