91
1 0 0
0 0 1
1 1.45453e+07 0
2 0 0
0 0 1
1 1.27375e+07 0
3 0 0
0 0 1
1 1.09415e+07 0
4 0 0
0 0 1
1 9.1675e+06 0
5 0 0
0 0 1
1 7.43848e+06 0
6 0 0
0 0 1
1 5.91039e+06 0
7 0 0
0 0 1
1 4.71924e+06 0
8 0 0
0 0 1
1 3.84535e+06 0
9 0 0
0 0 1
1 3.18451e+06 0
10 0 0
0 0 1
1 2.67237e+06 0
11 0 0
0 0 1
1 2.28678e+06 0
12 0 0
0 0 1
1 1.99177e+06 0
13 0 0
0 0 1
1 1.74442e+06 0
14 0 0
0 0 1
1 1.53246e+06 0
15 0 0
0 0 1
1 1.36137e+06 0
16 0 0
0 0 1
1 1.22096e+06 0
17 0 0
0 0 1
1 1.0947e+06 0
18 0 0
0 0 1
1 984723 0
19 0 0
0 0 1
1 899928 0
20 0 0
0 0 1
1 832703 0
21 0 0
0 0 1
1 770243 0
22 0 0
0 0 1
1 716340 0
23 0 0
0 0 1
1 681139 0
24 0 0
0 0 1
1 660363 0
25 0 0
0 0 1
1 643669 0
26 0 0
0 0 1
1 633630 0
27 0 0
0 0 1
1 638415 0
28 0 0
0 0 1
1 653717 0
29 0 0
0 0 1
1 668081 0
30 0 0
0 0 1
1 679360 0
-1 0 0
