91
1 0 0
0 0 1
1 6.44105e+06 0
2 0 0
0 0 1
1 5.67023e+06 0
3 0 0
0 0 1
1 4.91481e+06 0
4 0 0
0 0 1
1 4.18636e+06 0
5 0 0
0 0 1
1 3.51938e+06 0
6 0 0
0 0 1
1 2.94199e+06 0
7 0 0
0 0 1
1 2.44996e+06 0
8 0 0
0 0 1
1 2.0308e+06 0
9 0 0
0 0 1
1 1.686e+06 0
10 0 0
0 0 1
1 1.41458e+06 0
11 0 0
0 0 1
1 1.19755e+06 0
12 0 0
0 0 1
1 1.01504e+06 0
13 0 0
0 0 1
1 863554 0
14 0 0
0 0 1
1 744550 0
15 0 0
0 0 1
1 649568 0
16 0 0
0 0 1
1 568276 0
17 0 0
0 0 1
1 500163 0
18 0 0
0 0 1
1 447612 0
19 0 0
0 0 1
1 406028 0
20 0 0
0 0 1
1 369574 0
21 0 0
0 0 1
1 338956 0
22 0 0
0 0 1
1 315865 0
23 0 0
0 0 1
1 296779 0
24 0 0
0 0 1
1 279049 0
25 0 0
0 0 1
1 266471 0
26 0 0
0 0 1
1 262530 0
27 0 0
0 0 1
1 264237 0
28 0 0
0 0 1
1 268234 0
29 0 0
0 0 1
1 276745 0
30 0 0
0 0 1
1 291684 0
-1 0 0
