91
1 0 0
0 0 1
1 4.08164e+06 0
2 0 0
0 0 1
1 3.4755e+06 0
3 0 0
0 0 1
1 2.82515e+06 0
4 0 0
0 0 1
1 2.20942e+06 0
5 0 0
0 0 1
1 1.68884e+06 0
6 0 0
0 0 1
1 1.298e+06 0
7 0 0
0 0 1
1 1.029e+06 0
8 0 0
0 0 1
1 841977 0
9 0 0
0 0 1
1 701753 0
10 0 0
0 0 1
1 595780 0
11 0 0
0 0 1
1 518214 0
12 0 0
0 0 1
1 456090 0
13 0 0
0 0 1
1 399159 0
14 0 0
0 0 1
1 349364 0
15 0 0
0 0 1
1 310809 0
16 0 0
0 0 1
1 279257 0
17 0 0
0 0 1
1 249013 0
18 0 0
0 0 1
1 221933 0
19 0 0
0 0 1
1 201863 0
20 0 0
0 0 1
1 186535 0
21 0 0
0 0 1
1 171912 0
22 0 0
0 0 1
1 159201 0
23 0 0
0 0 1
1 151173 0
24 0 0
0 0 1
1 145990 0
25 0 0
0 0 1
1 140526 0
26 0 0
0 0 1
1 135968 0
27 0 0
0 0 1
1 135019 0
28 0 0
0 0 1
1 137053 0
29 0 0
0 0 1
1 140609 0
30 0 0
0 0 1
1 147099 0
-1 0 0
