91
1 0 0
0 0 1
1 8.36355e+06 0
2 0 0
0 0 1
1 7.32616e+06 0
3 0 0
0 0 1
1 6.27455e+06 0
4 0 0
0 0 1
1 5.28647e+06 0
5 0 0
0 0 1
1 4.42557e+06 0
6 0 0
0 0 1
1 3.71617e+06 0
7 0 0
0 0 1
1 3.1457e+06 0
8 0 0
0 0 1
1 2.69086e+06 0
9 0 0
0 0 1
1 2.32951e+06 0
10 0 0
0 0 1
1 2.03718e+06 0
11 0 0
0 0 1
1 1.79118e+06 0
12 0 0
0 0 1
1 1.57954e+06 0
13 0 0
0 0 1
1 1.39798e+06 0
14 0 0
0 0 1
1 1.24062e+06 0
15 0 0
0 0 1
1 1.10071e+06 0
16 0 0
0 0 1
1 976766 0
17 0 0
0 0 1
1 870287 0
18 0 0
0 0 1
1 779139 0
19 0 0
0 0 1
1 699075 0
20 0 0
0 0 1
1 629481 0
21 0 0
0 0 1
1 572002 0
22 0 0
0 0 1
1 525210 0
23 0 0
0 0 1
1 485616 0
24 0 0
0 0 1
1 452411 0
25 0 0
0 0 1
1 426779 0
26 0 0
0 0 1
1 407995 0
27 0 0
0 0 1
1 394461 0
28 0 0
0 0 1
1 387635 0
29 0 0
0 0 1
1 391039 0
30 0 0
0 0 1
1 405419 0
-1 0 0
