91
1 0 0
0 0 1
1 5.60591e+06 0
2 0 0
0 0 1
1 4.99597e+06 0
3 0 0
0 0 1
1 4.38116e+06 0
4 0 0
0 0 1
1 3.80701e+06 0
5 0 0
0 0 1
1 3.29779e+06 0
6 0 0
0 0 1
1 2.85824e+06 0
7 0 0
0 0 1
1 2.48189e+06 0
8 0 0
0 0 1
1 2.16007e+06 0
9 0 0
0 0 1
1 1.88531e+06 0
10 0 0
0 0 1
1 1.65062e+06 0
11 0 0
0 0 1
1 1.44957e+06 0
12 0 0
0 0 1
1 1.27758e+06 0
13 0 0
0 0 1
1 1.13129e+06 0
14 0 0
0 0 1
1 1.00679e+06 0
15 0 0
0 0 1
1 899666 0
16 0 0
0 0 1
1 806778 0
17 0 0
0 0 1
1 726662 0
18 0 0
0 0 1
1 658169 0
19 0 0
0 0 1
1 599701 0
20 0 0
0 0 1
1 549816 0
21 0 0
0 0 1
1 507761 0
22 0 0
0 0 1
1 473161 0
23 0 0
0 0 1
1 445570 0
24 0 0
0 0 1
1 424185 0
25 0 0
0 0 1
1 407742 0
26 0 0
0 0 1
1 395101 0
27 0 0
0 0 1
1 386175 0
28 0 0
0 0 1
1 381532 0
29 0 0
0 0 1
1 380502 0
30 0 0
0 0 1
1 380437 0
-1 0 0
