91
1 0 0
0 0 1
1 6.30156e+06 0
2 0 0
0 0 1
1 5.39764e+06 0
3 0 0
0 0 1
1 4.47447e+06 0
4 0 0
0 0 1
1 3.64426e+06 0
5 0 0
0 0 1
1 2.96112e+06 0
6 0 0
0 0 1
1 2.42983e+06 0
7 0 0
0 0 1
1 2.02822e+06 0
8 0 0
0 0 1
1 1.7267e+06 0
9 0 0
0 0 1
1 1.49808e+06 0
10 0 0
0 0 1
1 1.32024e+06 0
11 0 0
0 0 1
1 1.17664e+06 0
12 0 0
0 0 1
1 1.05673e+06 0
13 0 0
0 0 1
1 955215 0
14 0 0
0 0 1
1 869519 0
15 0 0
0 0 1
1 797233 0
16 0 0
0 0 1
1 735475 0
17 0 0
0 0 1
1 682054 0
18 0 0
0 0 1
1 636180 0
19 0 0
0 0 1
1 597548 0
20 0 0
0 0 1
1 565246 0
21 0 0
0 0 1
1 538062 0
22 0 0
0 0 1
1 515394 0
23 0 0
0 0 1
1 497160 0
24 0 0
0 0 1
1 483022 0
25 0 0
0 0 1
1 472366 0
26 0 0
0 0 1
1 464875 0
27 0 0
0 0 1
1 460458 0
28 0 0
0 0 1
1 458728 0
29 0 0
0 0 1
1 459278 0
30 0 0
0 0 1
1 462487 0
-1 0 0
