91
1 0 0
0 0 1
1 6.16991e+06 0
2 0 0
0 0 1
1 5.42888e+06 0
3 0 0
0 0 1
1 4.64689e+06 0
4 0 0
0 0 1
1 3.91531e+06 0
5 0 0
0 0 1
1 3.28261e+06 0
6 0 0
0 0 1
1 2.7596e+06 0
7 0 0
0 0 1
1 2.33826e+06 0
8 0 0
0 0 1
1 2.0039e+06 0
9 0 0
0 0 1
1 1.73894e+06 0
10 0 0
0 0 1
1 1.52603e+06 0
11 0 0
0 0 1
1 1.35156e+06 0
12 0 0
0 0 1
1 1.20617e+06 0
13 0 0
0 0 1
1 1.08313e+06 0
14 0 0
0 0 1
1 977928 0
15 0 0
0 0 1
1 888394 0
16 0 0
0 0 1
1 813065 0
17 0 0
0 0 1
1 749386 0
18 0 0
0 0 1
1 694443 0
19 0 0
0 0 1
1 646705 0
20 0 0
0 0 1
1 605742 0
21 0 0
0 0 1
1 570782 0
22 0 0
0 0 1
1 540853 0
23 0 0
0 0 1
1 515902 0
24 0 0
0 0 1
1 496398 0
25 0 0
0 0 1
1 481987 0
26 0 0
0 0 1
1 471568 0
27 0 0
0 0 1
1 464462 0
28 0 0
0 0 1
1 460459 0
29 0 0
0 0 1
1 458941 0
30 0 0
0 0 1
1 458988 0
-1 0 0
