91
1 0 0
0 0 1
1 2.98459e+06 0
2 0 0
0 0 1
1 2.70641e+06 0
3 0 0
0 0 1
1 2.39546e+06 0
4 0 0
0 0 1
1 2.06507e+06 0
5 0 0
0 0 1
1 1.74464e+06 0
6 0 0
0 0 1
1 1.4562e+06 0
7 0 0
0 0 1
1 1.2056e+06 0
8 0 0
0 0 1
1 992821 0
9 0 0
0 0 1
1 819121 0
10 0 0
0 0 1
1 682527 0
11 0 0
0 0 1
1 574907 0
12 0 0
0 0 1
1 487900 0
13 0 0
0 0 1
1 417617 0
14 0 0
0 0 1
1 361567 0
15 0 0
0 0 1
1 315554 0
16 0 0
0 0 1
1 276352 0
17 0 0
0 0 1
1 244061 0
18 0 0
0 0 1
1 219099 0
19 0 0
0 0 1
1 199266 0
20 0 0
0 0 1
1 181995 0
21 0 0
0 0 1
1 167340 0
22 0 0
0 0 1
1 156522 0
23 0 0
0 0 1
1 149178 0
24 0 0
0 0 1
1 144062 0
25 0 0
0 0 1
1 141155 0
26 0 0
0 0 1
1 141181 0
27 0 0
0 0 1
1 143918 0
28 0 0
0 0 1
1 148449 0
29 0 0
0 0 1
1 154207 0
30 0 0
0 0 1
1 160399 0
-1 0 0
