91
1 0 0
0 0 1
1 1.83887e+07 0
2 0 0
0 0 1
1 1.64654e+07 0
3 0 0
0 0 1
1 1.4708e+07 0
4 0 0
0 0 1
1 1.31607e+07 0
5 0 0
0 0 1
1 1.17822e+07 0
6 0 0
0 0 1
1 1.05357e+07 0
7 0 0
0 0 1
1 9.41575e+06 0
8 0 0
0 0 1
1 8.41905e+06 0
9 0 0
0 0 1
1 7.5207e+06 0
10 0 0
0 0 1
1 6.69538e+06 0
11 0 0
0 0 1
1 5.94274e+06 0
12 0 0
0 0 1
1 5.2747e+06 0
13 0 0
0 0 1
1 4.69002e+06 0
14 0 0
0 0 1
1 4.17847e+06 0
15 0 0
0 0 1
1 3.73958e+06 0
16 0 0
0 0 1
1 3.37766e+06 0
17 0 0
0 0 1
1 3.08375e+06 0
18 0 0
0 0 1
1 2.83935e+06 0
19 0 0
0 0 1
1 2.63412e+06 0
20 0 0
0 0 1
1 2.46519e+06 0
21 0 0
0 0 1
1 2.32252e+06 0
22 0 0
0 0 1
1 2.19088e+06 0
23 0 0
0 0 1
1 2.06562e+06 0
24 0 0
0 0 1
1 1.9533e+06 0
25 0 0
0 0 1
1 1.85656e+06 0
26 0 0
0 0 1
1 1.76973e+06 0
27 0 0
0 0 1
1 1.68947e+06 0
28 0 0
0 0 1
1 1.61914e+06 0
29 0 0
0 0 1
1 1.56219e+06 0
30 0 0
0 0 1
1 1.51979e+06 0
-1 0 0
