91
1 0 0
0 0 1
1 8.05093e+06 0
2 0 0
0 0 1
1 6.96197e+06 0
3 0 0
0 0 1
1 5.84444e+06 0
4 0 0
0 0 1
1 4.82363e+06 0
5 0 0
0 0 1
1 3.94717e+06 0
6 0 0
0 0 1
1 3.22284e+06 0
7 0 0
0 0 1
1 2.64007e+06 0
8 0 0
0 0 1
1 2.17617e+06 0
9 0 0
0 0 1
1 1.80593e+06 0
10 0 0
0 0 1
1 1.51046e+06 0
11 0 0
0 0 1
1 1.27543e+06 0
12 0 0
0 0 1
1 1.08667e+06 0
13 0 0
0 0 1
1 932362 0
14 0 0
0 0 1
1 806059 0
15 0 0
0 0 1
1 703588 0
16 0 0
0 0 1
1 619668 0
17 0 0
0 0 1
1 549845 0
18 0 0
0 0 1
1 492433 0
19 0 0
0 0 1
1 445794 0
20 0 0
0 0 1
1 406391 0
21 0 0
0 0 1
1 371824 0
22 0 0
0 0 1
1 343186 0
23 0 0
0 0 1
1 321961 0
24 0 0
0 0 1
1 306716 0
25 0 0
0 0 1
1 295065 0
26 0 0
0 0 1
1 287154 0
27 0 0
0 0 1
1 285053 0
28 0 0
0 0 1
1 289827 0
29 0 0
0 0 1
1 300695 0
30 0 0
0 0 1
1 315786 0
-1 0 0
