91
1 0 0
0 0 1
1 1.34921e+07 0
2 0 0
0 0 1
1 1.18114e+07 0
3 0 0
0 0 1
1 1.02582e+07 0
4 0 0
0 0 1
1 8.86341e+06 0
5 0 0
0 0 1
1 7.54194e+06 0
6 0 0
0 0 1
1 6.2829e+06 0
7 0 0
0 0 1
1 5.15663e+06 0
8 0 0
0 0 1
1 4.21895e+06 0
9 0 0
0 0 1
1 3.46954e+06 0
10 0 0
0 0 1
1 2.8808e+06 0
11 0 0
0 0 1
1 2.42348e+06 0
12 0 0
0 0 1
1 2.06716e+06 0
13 0 0
0 0 1
1 1.78363e+06 0
14 0 0
0 0 1
1 1.5558e+06 0
15 0 0
0 0 1
1 1.37381e+06 0
16 0 0
0 0 1
1 1.22508e+06 0
17 0 0
0 0 1
1 1.09715e+06 0
18 0 0
0 0 1
1 986335 0
19 0 0
0 0 1
1 894394 0
20 0 0
0 0 1
1 819071 0
21 0 0
0 0 1
1 754907 0
22 0 0
0 0 1
1 700419 0
23 0 0
0 0 1
1 657556 0
24 0 0
0 0 1
1 625596 0
25 0 0
0 0 1
1 600980 0
26 0 0
0 0 1
1 582159 0
27 0 0
0 0 1
1 570620 0
28 0 0
0 0 1
1 567852 0
29 0 0
0 0 1
1 573477 0
30 0 0
0 0 1
1 585009 0
-1 0 0
