91
1 0 0
0 0 1
1 1.6177e+06 0
2 0 0
0 0 1
1 1.39563e+06 0
3 0 0
0 0 1
1 1.14106e+06 0
4 0 0
0 0 1
1 904862 0
5 0 0
0 0 1
1 719488 0
6 0 0
0 0 1
1 583834 0
7 0 0
0 0 1
1 483026 0
8 0 0
0 0 1
1 407850 0
9 0 0
0 0 1
1 353122 0
10 0 0
0 0 1
1 311149 0
11 0 0
0 0 1
1 275257 0
12 0 0
0 0 1
1 244351 0
13 0 0
0 0 1
1 219113 0
14 0 0
0 0 1
1 197633 0
15 0 0
0 0 1
1 177918 0
16 0 0
0 0 1
1 160815 0
17 0 0
0 0 1
1 147333 0
18 0 0
0 0 1
1 136048 0
19 0 0
0 0 1
1 125556 0
20 0 0
0 0 1
1 116763 0
21 0 0
0 0 1
1 110548 0
22 0 0
0 0 1
1 105578 0
23 0 0
0 0 1
1 100378 0
24 0 0
0 0 1
1 95449 0
25 0 0
0 0 1
1 91664 0
26 0 0
0 0 1
1 88531 0
27 0 0
0 0 1
1 85563 0
28 0 0
0 0 1
1 83554 0
29 0 0
0 0 1
1 83185 0
30 0 0
0 0 1
1 83979 0
-1 0 0
