91
1 0 0
0 0 1
1 6.66905e+06 0
2 0 0
0 0 1
1 6.06219e+06 0
3 0 0
0 0 1
1 5.30456e+06 0
4 0 0
0 0 1
1 4.48707e+06 0
5 0 0
0 0 1
1 3.72655e+06 0
6 0 0
0 0 1
1 3.07467e+06 0
7 0 0
0 0 1
1 2.52994e+06 0
8 0 0
0 0 1
1 2.08674e+06 0
9 0 0
0 0 1
1 1.73929e+06 0
10 0 0
0 0 1
1 1.46585e+06 0
11 0 0
0 0 1
1 1.24116e+06 0
12 0 0
0 0 1
1 1.05587e+06 0
13 0 0
0 0 1
1 908311 0
14 0 0
0 0 1
1 788730 0
15 0 0
0 0 1
1 685884 0
16 0 0
0 0 1
1 599336 0
17 0 0
0 0 1
1 532413 0
18 0 0
0 0 1
1 480268 0
19 0 0
0 0 1
1 435101 0
20 0 0
0 0 1
1 396321 0
21 0 0
0 0 1
1 366341 0
22 0 0
0 0 1
1 342338 0
23 0 0
0 0 1
1 320602 0
24 0 0
0 0 1
1 303891 0
25 0 0
0 0 1
1 296687 0
26 0 0
0 0 1
1 297137 0
27 0 0
0 0 1
1 300147 0
28 0 0
0 0 1
1 304768 0
29 0 0
0 0 1
1 312777 0
30 0 0
0 0 1
1 323017 0
-1 0 0
