91
1 0 0
0 0 1
1 8.40503e+06 0
2 0 0
0 0 1
1 7.29594e+06 0
3 0 0
0 0 1
1 6.14786e+06 0
4 0 0
0 0 1
1 5.00774e+06 0
5 0 0
0 0 1
1 3.94943e+06 0
6 0 0
0 0 1
1 3.06055e+06 0
7 0 0
0 0 1
1 2.37768e+06 0
8 0 0
0 0 1
1 1.87249e+06 0
9 0 0
0 0 1
1 1.49685e+06 0
10 0 0
0 0 1
1 1.21652e+06 0
11 0 0
0 0 1
1 1.00628e+06 0
12 0 0
0 0 1
1 841817 0
13 0 0
0 0 1
1 707161 0
14 0 0
0 0 1
1 597688 0
15 0 0
0 0 1
1 509807 0
16 0 0
0 0 1
1 436122 0
17 0 0
0 0 1
1 372307 0
18 0 0
0 0 1
1 319443 0
19 0 0
0 0 1
1 276973 0
20 0 0
0 0 1
1 240595 0
21 0 0
0 0 1
1 208627 0
22 0 0
0 0 1
1 183617 0
23 0 0
0 0 1
1 166131 0
24 0 0
0 0 1
1 152990 0
25 0 0
0 0 1
1 142769 0
26 0 0
0 0 1
1 137429 0
27 0 0
0 0 1
1 137662 0
28 0 0
0 0 1
1 142021 0
29 0 0
0 0 1
1 151330 0
30 0 0
0 0 1
1 168422 0
-1 0 0
