91
1 0 0
0 0 1
1 1.50988e+07 0
2 0 0
0 0 1
1 1.31619e+07 0
3 0 0
0 0 1
1 1.11414e+07 0
4 0 0
0 0 1
1 9.21882e+06 0
5 0 0
0 0 1
1 7.53725e+06 0
6 0 0
0 0 1
1 6.16207e+06 0
7 0 0
0 0 1
1 5.06118e+06 0
8 0 0
0 0 1
1 4.16492e+06 0
9 0 0
0 0 1
1 3.43293e+06 0
10 0 0
0 0 1
1 2.84886e+06 0
11 0 0
0 0 1
1 2.38422e+06 0
12 0 0
0 0 1
1 2.00363e+06 0
13 0 0
0 0 1
1 1.69149e+06 0
14 0 0
0 0 1
1 1.44528e+06 0
15 0 0
0 0 1
1 1.25107e+06 0
16 0 0
0 0 1
1 1.08827e+06 0
17 0 0
0 0 1
1 950789 0
18 0 0
0 0 1
1 842917 0
19 0 0
0 0 1
1 759374 0
20 0 0
0 0 1
1 687345 0
21 0 0
0 0 1
1 623933 0
22 0 0
0 0 1
1 575362 0
23 0 0
0 0 1
1 541836 0
24 0 0
0 0 1
1 517306 0
25 0 0
0 0 1
1 501757 0
26 0 0
0 0 1
1 500872 0
27 0 0
0 0 1
1 514888 0
28 0 0
0 0 1
1 538007 0
29 0 0
0 0 1
1 566602 0
30 0 0
0 0 1
1 598677 0
-1 0 0
