91
1 0 0
0 0 1
1 1.13915e+07 0
2 0 0
0 0 1
1 1.03573e+07 0
3 0 0
0 0 1
1 9.33938e+06 0
4 0 0
0 0 1
1 8.32276e+06 0
5 0 0
0 0 1
1 7.24724e+06 0
6 0 0
0 0 1
1 6.14275e+06 0
7 0 0
0 0 1
1 5.12496e+06 0
8 0 0
0 0 1
1 4.26762e+06 0
9 0 0
0 0 1
1 3.55648e+06 0
10 0 0
0 0 1
1 2.9617e+06 0
11 0 0
0 0 1
1 2.48001e+06 0
12 0 0
0 0 1
1 2.09792e+06 0
13 0 0
0 0 1
1 1.77777e+06 0
14 0 0
0 0 1
1 1.50003e+06 0
15 0 0
0 0 1
1 1.27595e+06 0
16 0 0
0 0 1
1 1.10636e+06 0
17 0 0
0 0 1
1 966210 0
18 0 0
0 0 1
1 839934 0
19 0 0
0 0 1
1 737038 0
20 0 0
0 0 1
1 662246 0
21 0 0
0 0 1
1 601238 0
22 0 0
0 0 1
1 545829 0
23 0 0
0 0 1
1 505256 0
24 0 0
0 0 1
1 482749 0
25 0 0
0 0 1
1 465839 0
26 0 0
0 0 1
1 448941 0
27 0 0
0 0 1
1 443155 0
28 0 0
0 0 1
1 455372 0
29 0 0
0 0 1
1 477412 0
30 0 0
0 0 1
1 501702 0
-1 0 0
