91
1 0 0
0 0 1
1 6.43145e+06 0
2 0 0
0 0 1
1 5.54586e+06 0
3 0 0
0 0 1
1 4.68875e+06 0
4 0 0
0 0 1
1 3.93432e+06 0
5 0 0
0 0 1
1 3.28915e+06 0
6 0 0
0 0 1
1 2.7501e+06 0
7 0 0
0 0 1
1 2.31707e+06 0
8 0 0
0 0 1
1 1.97346e+06 0
9 0 0
0 0 1
1 1.69152e+06 0
10 0 0
0 0 1
1 1.45542e+06 0
11 0 0
0 0 1
1 1.26063e+06 0
12 0 0
0 0 1
1 1.09693e+06 0
13 0 0
0 0 1
1 950620 0
14 0 0
0 0 1
1 819665 0
15 0 0
0 0 1
1 710978 0
16 0 0
0 0 1
1 624424 0
17 0 0
0 0 1
1 552107 0
18 0 0
0 0 1
1 490774 0
19 0 0
0 0 1
1 442722 0
20 0 0
0 0 1
1 405950 0
21 0 0
0 0 1
1 374381 0
22 0 0
0 0 1
1 347037 0
23 0 0
0 0 1
1 327410 0
24 0 0
0 0 1
1 314508 0
25 0 0
0 0 1
1 303410 0
26 0 0
0 0 1
1 294264 0
27 0 0
0 0 1
1 292468 0
28 0 0
0 0 1
1 299675 0
29 0 0
0 0 1
1 311515 0
30 0 0
0 0 1
1 324131 0
-1 0 0
