91
1 0 0
0 0 1
1 7.80786e+06 0
2 0 0
0 0 1
1 6.63819e+06 0
3 0 0
0 0 1
1 5.54207e+06 0
4 0 0
0 0 1
1 4.5731e+06 0
5 0 0
0 0 1
1 3.73796e+06 0
6 0 0
0 0 1
1 3.055e+06 0
7 0 0
0 0 1
1 2.52066e+06 0
8 0 0
0 0 1
1 2.09414e+06 0
9 0 0
0 0 1
1 1.73976e+06 0
10 0 0
0 0 1
1 1.45104e+06 0
11 0 0
0 0 1
1 1.22368e+06 0
12 0 0
0 0 1
1 1.03774e+06 0
13 0 0
0 0 1
1 878403 0
14 0 0
0 0 1
1 748905 0
15 0 0
0 0 1
1 651090 0
16 0 0
0 0 1
1 572679 0
17 0 0
0 0 1
1 503348 0
18 0 0
0 0 1
1 446128 0
19 0 0
0 0 1
1 403881 0
20 0 0
0 0 1
1 369221 0
21 0 0
0 0 1
1 336080 0
22 0 0
0 0 1
1 308502 0
23 0 0
0 0 1
1 290354 0
24 0 0
0 0 1
1 277232 0
25 0 0
0 0 1
1 265303 0
26 0 0
0 0 1
1 258523 0
27 0 0
0 0 1
1 260980 0
28 0 0
0 0 1
1 270143 0
29 0 0
0 0 1
1 282440 0
30 0 0
0 0 1
1 297896 0
-1 0 0
