91
1 0 0
0 0 1
1 1.32307e+07 0
2 0 0
0 0 1
1 1.16165e+07 0
3 0 0
0 0 1
1 9.97518e+06 0
4 0 0
0 0 1
1 8.44531e+06 0
5 0 0
0 0 1
1 7.11088e+06 0
6 0 0
0 0 1
1 5.9918e+06 0
7 0 0
0 0 1
1 5.05688e+06 0
8 0 0
0 0 1
1 4.2666e+06 0
9 0 0
0 0 1
1 3.60244e+06 0
10 0 0
0 0 1
1 3.05555e+06 0
11 0 0
0 0 1
1 2.60667e+06 0
12 0 0
0 0 1
1 2.23253e+06 0
13 0 0
0 0 1
1 1.92191e+06 0
14 0 0
0 0 1
1 1.67099e+06 0
15 0 0
0 0 1
1 1.46821e+06 0
16 0 0
0 0 1
1 1.2964e+06 0
17 0 0
0 0 1
1 1.14713e+06 0
18 0 0
0 0 1
1 1.02225e+06 0
19 0 0
0 0 1
1 921993 0
20 0 0
0 0 1
1 840252 0
21 0 0
0 0 1
1 771239 0
22 0 0
0 0 1
1 713428 0
23 0 0
0 0 1
1 666097 0
24 0 0
0 0 1
1 627461 0
25 0 0
0 0 1
1 597281 0
26 0 0
0 0 1
1 577807 0
27 0 0
0 0 1
1 571654 0
28 0 0
0 0 1
1 580398 0
29 0 0
0 0 1
1 603461 0
30 0 0
0 0 1
1 635544 0
-1 0 0
