91
1 0 0
0 0 1
1 1.56618e+07 0
2 0 0
0 0 1
1 1.27148e+07 0
3 0 0
0 0 1
1 9.79937e+06 0
4 0 0
0 0 1
1 7.46013e+06 0
5 0 0
0 0 1
1 5.77095e+06 0
6 0 0
0 0 1
1 4.55907e+06 0
7 0 0
0 0 1
1 3.67499e+06 0
8 0 0
0 0 1
1 3.04606e+06 0
9 0 0
0 0 1
1 2.60012e+06 0
10 0 0
0 0 1
1 2.25281e+06 0
11 0 0
0 0 1
1 1.95964e+06 0
12 0 0
0 0 1
1 1.71896e+06 0
13 0 0
0 0 1
1 1.5239e+06 0
14 0 0
0 0 1
1 1.35116e+06 0
15 0 0
0 0 1
1 1.19323e+06 0
16 0 0
0 0 1
1 1.06346e+06 0
17 0 0
0 0 1
1 965158 0
18 0 0
0 0 1
1 883528 0
19 0 0
0 0 1
1 810129 0
20 0 0
0 0 1
1 750430 0
21 0 0
0 0 1
1 704308 0
22 0 0
0 0 1
1 661132 0
23 0 0
0 0 1
1 617947 0
24 0 0
0 0 1
1 583501 0
25 0 0
0 0 1
1 560553 0
26 0 0
0 0 1
1 541144 0
27 0 0
0 0 1
1 522798 0
28 0 0
0 0 1
1 513740 0
29 0 0
0 0 1
1 518473 0
30 0 0
0 0 1
1 532575 0
-1 0 0
