91
1 0 0
0 0 1
1 7.69103e+06 0
2 0 0
0 0 1
1 6.68993e+06 0
3 0 0
0 0 1
1 5.73772e+06 0
4 0 0
0 0 1
1 4.85561e+06 0
5 0 0
0 0 1
1 4.06367e+06 0
6 0 0
0 0 1
1 3.382e+06 0
7 0 0
0 0 1
1 2.80493e+06 0
8 0 0
0 0 1
1 2.31504e+06 0
9 0 0
0 0 1
1 1.90709e+06 0
10 0 0
0 0 1
1 1.57867e+06 0
11 0 0
0 0 1
1 1.31418e+06 0
12 0 0
0 0 1
1 1.09595e+06 0
13 0 0
0 0 1
1 918842 0
14 0 0
0 0 1
1 780526 0
15 0 0
0 0 1
1 669614 0
16 0 0
0 0 1
1 575355 0
17 0 0
0 0 1
1 498276 0
18 0 0
0 0 1
1 440436 0
19 0 0
0 0 1
1 394732 0
20 0 0
0 0 1
1 353544 0
21 0 0
0 0 1
1 318918 0
22 0 0
0 0 1
1 294832 0
23 0 0
0 0 1
1 277346 0
24 0 0
0 0 1
1 261245 0
25 0 0
0 0 1
1 249431 0
26 0 0
0 0 1
1 247427 0
27 0 0
0 0 1
1 254241 0
28 0 0
0 0 1
1 265588 0
29 0 0
0 0 1
1 280431 0
30 0 0
0 0 1
1 297938 0
-1 0 0
