91
1 0 0
0 0 1
1 1.53936e+07 0
2 0 0
0 0 1
1 1.35256e+07 0
3 0 0
0 0 1
1 1.13787e+07 0
4 0 0
0 0 1
1 9.16036e+06 0
5 0 0
0 0 1
1 7.13998e+06 0
6 0 0
0 0 1
1 5.53929e+06 0
7 0 0
0 0 1
1 4.39436e+06 0
8 0 0
0 0 1
1 3.5827e+06 0
9 0 0
0 0 1
1 2.97487e+06 0
10 0 0
0 0 1
1 2.51385e+06 0
11 0 0
0 0 1
1 2.1708e+06 0
12 0 0
0 0 1
1 1.90144e+06 0
13 0 0
0 0 1
1 1.67e+06 0
14 0 0
0 0 1
1 1.47199e+06 0
15 0 0
0 0 1
1 1.30953e+06 0
16 0 0
0 0 1
1 1.17036e+06 0
17 0 0
0 0 1
1 1.04516e+06 0
18 0 0
0 0 1
1 940543 0
19 0 0
0 0 1
1 860114 0
20 0 0
0 0 1
1 792278 0
21 0 0
0 0 1
1 728489 0
22 0 0
0 0 1
1 675801 0
23 0 0
0 0 1
1 640517 0
24 0 0
0 0 1
1 615609 0
25 0 0
0 0 1
1 594625 0
26 0 0
0 0 1
1 583354 0
27 0 0
0 0 1
1 587571 0
28 0 0
0 0 1
1 601982 0
29 0 0
0 0 1
1 620288 0
30 0 0
0 0 1
1 644015 0
-1 0 0
