91
1 0 0
0 0 1
1 8.32796e+06 0
2 0 0
0 0 1
1 7.39672e+06 0
3 0 0
0 0 1
1 6.36347e+06 0
4 0 0
0 0 1
1 5.33272e+06 0
5 0 0
0 0 1
1 4.39375e+06 0
6 0 0
0 0 1
1 3.59086e+06 0
7 0 0
0 0 1
1 2.92897e+06 0
8 0 0
0 0 1
1 2.40138e+06 0
9 0 0
0 0 1
1 1.99587e+06 0
10 0 0
0 0 1
1 1.68537e+06 0
11 0 0
0 0 1
1 1.4366e+06 0
12 0 0
0 0 1
1 1.23026e+06 0
13 0 0
0 0 1
1 1.06182e+06 0
14 0 0
0 0 1
1 925789 0
15 0 0
0 0 1
1 812076 0
16 0 0
0 0 1
1 715619 0
17 0 0
0 0 1
1 637125 0
18 0 0
0 0 1
1 573773 0
19 0 0
0 0 1
1 518851 0
20 0 0
0 0 1
1 470615 0
21 0 0
0 0 1
1 432361 0
22 0 0
0 0 1
1 403182 0
23 0 0
0 0 1
1 376972 0
24 0 0
0 0 1
1 351610 0
25 0 0
0 0 1
1 331490 0
26 0 0
0 0 1
1 319441 0
27 0 0
0 0 1
1 312925 0
28 0 0
0 0 1
1 310205 0
29 0 0
0 0 1
1 314266 0
30 0 0
0 0 1
1 327776 0
-1 0 0
