91
1 0 0
0 0 1
1 8.24213e+06 0
2 0 0
0 0 1
1 7.125e+06 0
3 0 0
0 0 1
1 5.95995e+06 0
4 0 0
0 0 1
1 4.88461e+06 0
5 0 0
0 0 1
1 3.98535e+06 0
6 0 0
0 0 1
1 3.26286e+06 0
7 0 0
0 0 1
1 2.67597e+06 0
8 0 0
0 0 1
1 2.19872e+06 0
9 0 0
0 0 1
1 1.82329e+06 0
10 0 0
0 0 1
1 1.53275e+06 0
11 0 0
0 0 1
1 1.2998e+06 0
12 0 0
0 0 1
1 1.10742e+06 0
13 0 0
0 0 1
1 951973 0
14 0 0
0 0 1
1 827951 0
15 0 0
0 0 1
1 724724 0
16 0 0
0 0 1
1 637235 0
17 0 0
0 0 1
1 566910 0
18 0 0
0 0 1
1 511189 0
19 0 0
0 0 1
1 462392 0
20 0 0
0 0 1
1 417585 0
21 0 0
0 0 1
1 380571 0
22 0 0
0 0 1
1 353105 0
23 0 0
0 0 1
1 331766 0
24 0 0
0 0 1
1 314418 0
25 0 0
0 0 1
1 302856 0
26 0 0
0 0 1
1 298121 0
27 0 0
0 0 1
1 299262 0
28 0 0
0 0 1
1 307321 0
29 0 0
0 0 1
1 324436 0
30 0 0
0 0 1
1 347795 0
-1 0 0
