91
1 0 0
0 0 1
1 8.5639e+06 0
2 0 0
0 0 1
1 7.3675e+06 0
3 0 0
0 0 1
1 5.97732e+06 0
4 0 0
0 0 1
1 4.67371e+06 0
5 0 0
0 0 1
1 3.60337e+06 0
6 0 0
0 0 1
1 2.78246e+06 0
7 0 0
0 0 1
1 2.17534e+06 0
8 0 0
0 0 1
1 1.74027e+06 0
9 0 0
0 0 1
1 1.43061e+06 0
10 0 0
0 0 1
1 1.20092e+06 0
11 0 0
0 0 1
1 1.02322e+06 0
12 0 0
0 0 1
1 884722 0
13 0 0
0 0 1
1 772548 0
14 0 0
0 0 1
1 673776 0
15 0 0
0 0 1
1 586513 0
16 0 0
0 0 1
1 516202 0
17 0 0
0 0 1
1 461326 0
18 0 0
0 0 1
1 413462 0
19 0 0
0 0 1
1 369723 0
20 0 0
0 0 1
1 334204 0
21 0 0
0 0 1
1 307553 0
22 0 0
0 0 1
1 284853 0
23 0 0
0 0 1
1 264102 0
24 0 0
0 0 1
1 248287 0
25 0 0
0 0 1
1 238488 0
26 0 0
0 0 1
1 232129 0
27 0 0
0 0 1
1 228456 0
28 0 0
0 0 1
1 229428 0
29 0 0
0 0 1
1 235209 0
30 0 0
0 0 1
1 244418 0
-1 0 0
