91
1 0 0
0 0 1
1 1.57543e+07 0
2 0 0
0 0 1
1 1.30496e+07 0
3 0 0
0 0 1
1 1.03672e+07 0
4 0 0
0 0 1
1 8.04396e+06 0
5 0 0
0 0 1
1 6.17083e+06 0
6 0 0
0 0 1
1 4.75659e+06 0
7 0 0
0 0 1
1 3.75935e+06 0
8 0 0
0 0 1
1 3.07005e+06 0
9 0 0
0 0 1
1 2.56852e+06 0
10 0 0
0 0 1
1 2.18806e+06 0
11 0 0
0 0 1
1 1.89905e+06 0
12 0 0
0 0 1
1 1.66562e+06 0
13 0 0
0 0 1
1 1.45585e+06 0
14 0 0
0 0 1
1 1.26911e+06 0
15 0 0
0 0 1
1 1.11782e+06 0
16 0 0
0 0 1
1 995572 0
17 0 0
0 0 1
1 886940 0
18 0 0
0 0 1
1 792208 0
19 0 0
0 0 1
1 718645 0
20 0 0
0 0 1
1 660251 0
21 0 0
0 0 1
1 606855 0
22 0 0
0 0 1
1 561678 0
23 0 0
0 0 1
1 531394 0
24 0 0
0 0 1
1 509730 0
25 0 0
0 0 1
1 487847 0
26 0 0
0 0 1
1 470508 0
27 0 0
0 0 1
1 466024 0
28 0 0
0 0 1
1 470365 0
29 0 0
0 0 1
1 476669 0
30 0 0
0 0 1
1 490643 0
-1 0 0
