91
1 0 0
0 0 1
1 3.04108e+07 0
2 0 0
0 0 1
1 2.67134e+07 0
3 0 0
0 0 1
1 2.27044e+07 0
4 0 0
0 0 1
1 1.88634e+07 0
5 0 0
0 0 1
1 1.55008e+07 0
6 0 0
0 0 1
1 1.27223e+07 0
7 0 0
0 0 1
1 1.04827e+07 0
8 0 0
0 0 1
1 8.68857e+06 0
9 0 0
0 0 1
1 7.25425e+06 0
10 0 0
0 0 1
1 6.10007e+06 0
11 0 0
0 0 1
1 5.15554e+06 0
12 0 0
0 0 1
1 4.37705e+06 0
13 0 0
0 0 1
1 3.74292e+06 0
14 0 0
0 0 1
1 3.22858e+06 0
15 0 0
0 0 1
1 2.8021e+06 0
16 0 0
0 0 1
1 2.44203e+06 0
17 0 0
0 0 1
1 2.14217e+06 0
18 0 0
0 0 1
1 1.89746e+06 0
19 0 0
0 0 1
1 1.6979e+06 0
20 0 0
0 0 1
1 1.53587e+06 0
21 0 0
0 0 1
1 1.40618e+06 0
22 0 0
0 0 1
1 1.29875e+06 0
23 0 0
0 0 1
1 1.20267e+06 0
24 0 0
0 0 1
1 1.11801e+06 0
25 0 0
0 0 1
1 1.0534e+06 0
26 0 0
0 0 1
1 1.01149e+06 0
27 0 0
0 0 1
1 987111 0
28 0 0
0 0 1
1 980459 0
29 0 0
0 0 1
1 1.00114e+06 0
30 0 0
0 0 1
1 1.05508e+06 0
-1 0 0
