91
1 0 0
0 0 1
1 1.16779e+07 0
2 0 0
0 0 1
1 1.03773e+07 0
3 0 0
0 0 1
1 9.00675e+06 0
4 0 0
0 0 1
1 7.67932e+06 0
5 0 0
0 0 1
1 6.4745e+06 0
6 0 0
0 0 1
1 5.40555e+06 0
7 0 0
0 0 1
1 4.47148e+06 0
8 0 0
0 0 1
1 3.69237e+06 0
9 0 0
0 0 1
1 3.07622e+06 0
10 0 0
0 0 1
1 2.59153e+06 0
11 0 0
0 0 1
1 2.1968e+06 0
12 0 0
0 0 1
1 1.87323e+06 0
13 0 0
0 0 1
1 1.61312e+06 0
14 0 0
0 0 1
1 1.39939e+06 0
15 0 0
0 0 1
1 1.21553e+06 0
16 0 0
0 0 1
1 1.06028e+06 0
17 0 0
0 0 1
1 936812 0
18 0 0
0 0 1
1 837995 0
19 0 0
0 0 1
1 753750 0
20 0 0
0 0 1
1 683093 0
21 0 0
0 0 1
1 628599 0
22 0 0
0 0 1
1 587107 0
23 0 0
0 0 1
1 554422 0
24 0 0
0 0 1
1 531952 0
25 0 0
0 0 1
1 521301 0
26 0 0
0 0 1
1 518608 0
27 0 0
0 0 1
1 520263 0
28 0 0
0 0 1
1 528251 0
29 0 0
0 0 1
1 544574 0
30 0 0
0 0 1
1 565673 0
-1 0 0
