91
1 0 0
0 0 1
1 7.45413e+06 0
2 0 0
0 0 1
1 6.55012e+06 0
3 0 0
0 0 1
1 5.61103e+06 0
4 0 0
0 0 1
1 4.70726e+06 0
5 0 0
0 0 1
1 3.89268e+06 0
6 0 0
0 0 1
1 3.20167e+06 0
7 0 0
0 0 1
1 2.63851e+06 0
8 0 0
0 0 1
1 2.18304e+06 0
9 0 0
0 0 1
1 1.81047e+06 0
10 0 0
0 0 1
1 1.50402e+06 0
11 0 0
0 0 1
1 1.25316e+06 0
12 0 0
0 0 1
1 1.04888e+06 0
13 0 0
0 0 1
1 883629 0
14 0 0
0 0 1
1 751875 0
15 0 0
0 0 1
1 647928 0
16 0 0
0 0 1
1 564799 0
17 0 0
0 0 1
1 496494 0
18 0 0
0 0 1
1 440080 0
19 0 0
0 0 1
1 394479 0
20 0 0
0 0 1
1 358284 0
21 0 0
0 0 1
1 329600 0
22 0 0
0 0 1
1 306958 0
23 0 0
0 0 1
1 289282 0
24 0 0
0 0 1
1 275547 0
25 0 0
0 0 1
1 265608 0
26 0 0
0 0 1
1 261065 0
27 0 0
0 0 1
1 264037 0
28 0 0
0 0 1
1 274709 0
29 0 0
0 0 1
1 290725 0
30 0 0
0 0 1
1 309018 0
-1 0 0
