91
1 0 0
0 0 1
1 7.72085e+06 0
2 0 0
0 0 1
1 6.39605e+06 0
3 0 0
0 0 1
1 5.08588e+06 0
4 0 0
0 0 1
1 3.97598e+06 0
5 0 0
0 0 1
1 3.11323e+06 0
6 0 0
0 0 1
1 2.46468e+06 0
7 0 0
0 0 1
1 1.98578e+06 0
8 0 0
0 0 1
1 1.63881e+06 0
9 0 0
0 0 1
1 1.38484e+06 0
10 0 0
0 0 1
1 1.18823e+06 0
11 0 0
0 0 1
1 1.0282e+06 0
12 0 0
0 0 1
1 896011 0
13 0 0
0 0 1
1 784172 0
14 0 0
0 0 1
1 685884 0
15 0 0
0 0 1
1 600319 0
16 0 0
0 0 1
1 529918 0
17 0 0
0 0 1
1 473376 0
18 0 0
0 0 1
1 426323 0
19 0 0
0 0 1
1 386850 0
20 0 0
0 0 1
1 355354 0
21 0 0
0 0 1
1 330429 0
22 0 0
0 0 1
1 309299 0
23 0 0
0 0 1
1 291284 0
24 0 0
0 0 1
1 277272 0
25 0 0
0 0 1
1 266898 0
26 0 0
0 0 1
1 259308 0
27 0 0
0 0 1
1 255465 0
28 0 0
0 0 1
1 256852 0
29 0 0
0 0 1
1 263109 0
30 0 0
0 0 1
1 273415 0
-1 0 0
