91
1 0 0
0 0 1
1 6.62609e+06 0
2 0 0
0 0 1
1 5.86449e+06 0
3 0 0
0 0 1
1 5.0418e+06 0
4 0 0
0 0 1
1 4.2114e+06 0
5 0 0
0 0 1
1 3.45198e+06 0
6 0 0
0 0 1
1 2.80924e+06 0
7 0 0
0 0 1
1 2.28399e+06 0
8 0 0
0 0 1
1 1.86249e+06 0
9 0 0
0 0 1
1 1.53338e+06 0
10 0 0
0 0 1
1 1.28002e+06 0
11 0 0
0 0 1
1 1.07965e+06 0
12 0 0
0 0 1
1 916109 0
13 0 0
0 0 1
1 783756 0
14 0 0
0 0 1
1 677728 0
15 0 0
0 0 1
1 589869 0
16 0 0
0 0 1
1 515338 0
17 0 0
0 0 1
1 454586 0
18 0 0
0 0 1
1 406622 0
19 0 0
0 0 1
1 366707 0
20 0 0
0 0 1
1 332165 0
21 0 0
0 0 1
1 304567 0
22 0 0
0 0 1
1 284404 0
23 0 0
0 0 1
1 268667 0
24 0 0
0 0 1
1 255411 0
25 0 0
0 0 1
1 246312 0
26 0 0
0 0 1
1 242934 0
27 0 0
0 0 1
1 244323 0
28 0 0
0 0 1
1 250091 0
29 0 0
0 0 1
1 262335 0
30 0 0
0 0 1
1 281920 0
-1 0 0
