91
1 0 0
0 0 1
1 6.8708e+06 0
2 0 0
0 0 1
1 6.23543e+06 0
3 0 0
0 0 1
1 5.58349e+06 0
4 0 0
0 0 1
1 4.89425e+06 0
5 0 0
0 0 1
1 4.20873e+06 0
6 0 0
0 0 1
1 3.57138e+06 0
7 0 0
0 0 1
1 2.98925e+06 0
8 0 0
0 0 1
1 2.46097e+06 0
9 0 0
0 0 1
1 2.00466e+06 0
10 0 0
0 0 1
1 1.63751e+06 0
11 0 0
0 0 1
1 1.35189e+06 0
12 0 0
0 0 1
1 1.12804e+06 0
13 0 0
0 0 1
1 954314 0
14 0 0
0 0 1
1 822812 0
15 0 0
0 0 1
1 719356 0
16 0 0
0 0 1
1 631443 0
17 0 0
0 0 1
1 557814 0
18 0 0
0 0 1
1 500741 0
19 0 0
0 0 1
1 455880 0
20 0 0
0 0 1
1 417149 0
21 0 0
0 0 1
1 384663 0
22 0 0
0 0 1
1 360568 0
23 0 0
0 0 1
1 342519 0
24 0 0
0 0 1
1 327499 0
25 0 0
0 0 1
1 317344 0
26 0 0
0 0 1
1 314967 0
27 0 0
0 0 1
1 318996 0
28 0 0
0 0 1
1 326412 0
29 0 0
0 0 1
1 336616 0
30 0 0
0 0 1
1 349083 0
-1 0 0
