91
1 0 0
0 0 1
1 3.41482e+06 0
2 0 0
0 0 1
1 2.97948e+06 0
3 0 0
0 0 1
1 2.54431e+06 0
4 0 0
0 0 1
1 2.14754e+06 0
5 0 0
0 0 1
1 1.80379e+06 0
6 0 0
0 0 1
1 1.51572e+06 0
7 0 0
0 0 1
1 1.28024e+06 0
8 0 0
0 0 1
1 1.09031e+06 0
9 0 0
0 0 1
1 937552 0
10 0 0
0 0 1
1 814838 0
11 0 0
0 0 1
1 716226 0
12 0 0
0 0 1
1 635783 0
13 0 0
0 0 1
1 568425 0
14 0 0
0 0 1
1 511448 0
15 0 0
0 0 1
1 463781 0
16 0 0
0 0 1
1 423938 0
17 0 0
0 0 1
1 389840 0
18 0 0
0 0 1
1 360277 0
19 0 0
0 0 1
1 335119 0
20 0 0
0 0 1
1 313981 0
21 0 0
0 0 1
1 295849 0
22 0 0
0 0 1
1 280167 0
23 0 0
0 0 1
1 267273 0
24 0 0
0 0 1
1 257412 0
25 0 0
0 0 1
1 250126 0
26 0 0
0 0 1
1 244874 0
27 0 0
0 0 1
1 241551 0
28 0 0
0 0 1
1 240114 0
29 0 0
0 0 1
1 240381 0
30 0 0
0 0 1
1 242447 0
-1 0 0
