91
1 0 0
0 0 1
1 1.46514e+07 0
2 0 0
0 0 1
1 1.2572e+07 0
3 0 0
0 0 1
1 1.04728e+07 0
4 0 0
0 0 1
1 8.55798e+06 0
5 0 0
0 0 1
1 6.95593e+06 0
6 0 0
0 0 1
1 5.67655e+06 0
7 0 0
0 0 1
1 4.65902e+06 0
8 0 0
0 0 1
1 3.85061e+06 0
9 0 0
0 0 1
1 3.21816e+06 0
10 0 0
0 0 1
1 2.71816e+06 0
11 0 0
0 0 1
1 2.30314e+06 0
12 0 0
0 0 1
1 1.95236e+06 0
13 0 0
0 0 1
1 1.66658e+06 0
14 0 0
0 0 1
1 1.43768e+06 0
15 0 0
0 0 1
1 1.24676e+06 0
16 0 0
0 0 1
1 1.08562e+06 0
17 0 0
0 0 1
1 956403 0
18 0 0
0 0 1
1 853164 0
19 0 0
0 0 1
1 763592 0
20 0 0
0 0 1
1 686668 0
21 0 0
0 0 1
1 630151 0
22 0 0
0 0 1
1 591574 0
23 0 0
0 0 1
1 558098 0
24 0 0
0 0 1
1 524936 0
25 0 0
0 0 1
1 499474 0
26 0 0
0 0 1
1 487143 0
27 0 0
0 0 1
1 486325 0
28 0 0
0 0 1
1 497370 0
29 0 0
0 0 1
1 524108 0
30 0 0
0 0 1
1 564609 0
-1 0 0
