91
1 0 0
0 0 1
1 7.38427e+06 0
2 0 0
0 0 1
1 6.23742e+06 0
3 0 0
0 0 1
1 5.02792e+06 0
4 0 0
0 0 1
1 3.95653e+06 0
5 0 0
0 0 1
1 3.10345e+06 0
6 0 0
0 0 1
1 2.44933e+06 0
7 0 0
0 0 1
1 1.95327e+06 0
8 0 0
0 0 1
1 1.58658e+06 0
9 0 0
0 0 1
1 1.3195e+06 0
10 0 0
0 0 1
1 1.11763e+06 0
11 0 0
0 0 1
1 957918 0
12 0 0
0 0 1
1 831222 0
13 0 0
0 0 1
1 728942 0
14 0 0
0 0 1
1 640196 0
15 0 0
0 0 1
1 561311 0
16 0 0
0 0 1
1 495584 0
17 0 0
0 0 1
1 442664 0
18 0 0
0 0 1
1 397187 0
19 0 0
0 0 1
1 357259 0
20 0 0
0 0 1
1 325245 0
21 0 0
0 0 1
1 300160 0
22 0 0
0 0 1
1 277543 0
23 0 0
0 0 1
1 257213 0
24 0 0
0 0 1
1 243621 0
25 0 0
0 0 1
1 237734 0
26 0 0
0 0 1
1 235269 0
27 0 0
0 0 1
1 233945 0
28 0 0
0 0 1
1 236480 0
29 0 0
0 0 1
1 245188 0
30 0 0
0 0 1
1 258653 0
-1 0 0
