91
1 0 0
0 0 1
1 1.36573e+07 0
2 0 0
0 0 1
1 1.21235e+07 0
3 0 0
0 0 1
1 1.04918e+07 0
4 0 0
0 0 1
1 8.87332e+06 0
5 0 0
0 0 1
1 7.36739e+06 0
6 0 0
0 0 1
1 6.06034e+06 0
7 0 0
0 0 1
1 4.97805e+06 0
8 0 0
0 0 1
1 4.08918e+06 0
9 0 0
0 0 1
1 3.35648e+06 0
10 0 0
0 0 1
1 2.76054e+06 0
11 0 0
0 0 1
1 2.28288e+06 0
12 0 0
0 0 1
1 1.89796e+06 0
13 0 0
0 0 1
1 1.58712e+06 0
14 0 0
0 0 1
1 1.3414e+06 0
15 0 0
0 0 1
1 1.14799e+06 0
16 0 0
0 0 1
1 989248 0
17 0 0
0 0 1
1 856448 0
18 0 0
0 0 1
1 750768 0
19 0 0
0 0 1
1 669156 0
20 0 0
0 0 1
1 601464 0
21 0 0
0 0 1
1 542590 0
22 0 0
0 0 1
1 495584 0
23 0 0
0 0 1
1 460869 0
24 0 0
0 0 1
1 433043 0
25 0 0
0 0 1
1 410573 0
26 0 0
0 0 1
1 398820 0
27 0 0
0 0 1
1 400475 0
28 0 0
0 0 1
1 411158 0
29 0 0
0 0 1
1 427169 0
30 0 0
0 0 1
1 450140 0
-1 0 0
