91
1 0 0
0 0 1
1 6.76543e+06 0
2 0 0
0 0 1
1 5.68338e+06 0
3 0 0
0 0 1
1 4.56971e+06 0
4 0 0
0 0 1
1 3.61109e+06 0
5 0 0
0 0 1
1 2.87664e+06 0
6 0 0
0 0 1
1 2.33148e+06 0
7 0 0
0 0 1
1 1.92172e+06 0
8 0 0
0 0 1
1 1.61645e+06 0
9 0 0
0 0 1
1 1.39057e+06 0
10 0 0
0 0 1
1 1.21366e+06 0
11 0 0
0 0 1
1 1.0658e+06 0
12 0 0
0 0 1
1 943197 0
13 0 0
0 0 1
1 842723 0
14 0 0
0 0 1
1 755571 0
15 0 0
0 0 1
1 678026 0
16 0 0
0 0 1
1 613912 0
17 0 0
0 0 1
1 562864 0
18 0 0
0 0 1
1 517548 0
19 0 0
0 0 1
1 475012 0
20 0 0
0 0 1
1 440178 0
21 0 0
0 0 1
1 415072 0
22 0 0
0 0 1
1 394085 0
23 0 0
0 0 1
1 373254 0
24 0 0
0 0 1
1 356050 0
25 0 0
0 0 1
1 346266 0
26 0 0
0 0 1
1 341959 0
27 0 0
0 0 1
1 340002 0
28 0 0
0 0 1
1 341088 0
29 0 0
0 0 1
1 346984 0
30 0 0
0 0 1
1 357100 0
-1 0 0
