91
1 0 0
0 0 1
1 2.60553e+07 0
2 0 0
0 0 1
1 2.39504e+07 0
3 0 0
0 0 1
1 2.15036e+07 0
4 0 0
0 0 1
1 1.89197e+07 0
5 0 0
0 0 1
1 1.63372e+07 0
6 0 0
0 0 1
1 1.38442e+07 0
7 0 0
0 0 1
1 1.15513e+07 0
8 0 0
0 0 1
1 9.55968e+06 0
9 0 0
0 0 1
1 7.8948e+06 0
10 0 0
0 0 1
1 6.52528e+06 0
11 0 0
0 0 1
1 5.41774e+06 0
12 0 0
0 0 1
1 4.53526e+06 0
13 0 0
0 0 1
1 3.81845e+06 0
14 0 0
0 0 1
1 3.2146e+06 0
15 0 0
0 0 1
1 2.70997e+06 0
16 0 0
0 0 1
1 2.30555e+06 0
17 0 0
0 0 1
1 1.98178e+06 0
18 0 0
0 0 1
1 1.7122e+06 0
19 0 0
0 0 1
1 1.49039e+06 0
20 0 0
0 0 1
1 1.31728e+06 0
21 0 0
0 0 1
1 1.17934e+06 0
22 0 0
0 0 1
1 1.06221e+06 0
23 0 0
0 0 1
1 970489 0
24 0 0
0 0 1
1 913287 0
25 0 0
0 0 1
1 884195 0
26 0 0
0 0 1
1 872836 0
27 0 0
0 0 1
1 881505 0
28 0 0
0 0 1
1 913026 0
29 0 0
0 0 1
1 955196 0
30 0 0
0 0 1
1 992405 0
-1 0 0
