91
1 0 0
0 0 1
1 1.42421e+07 0
2 0 0
0 0 1
1 1.19999e+07 0
3 0 0
0 0 1
1 9.67475e+06 0
4 0 0
0 0 1
1 7.60985e+06 0
5 0 0
0 0 1
1 5.99518e+06 0
6 0 0
0 0 1
1 4.82307e+06 0
7 0 0
0 0 1
1 3.97787e+06 0
8 0 0
0 0 1
1 3.35361e+06 0
9 0 0
0 0 1
1 2.88852e+06 0
10 0 0
0 0 1
1 2.53569e+06 0
11 0 0
0 0 1
1 2.25073e+06 0
12 0 0
0 0 1
1 2.00841e+06 0
13 0 0
0 0 1
1 1.80393e+06 0
14 0 0
0 0 1
1 1.63262e+06 0
15 0 0
0 0 1
1 1.4829e+06 0
16 0 0
0 0 1
1 1.34908e+06 0
17 0 0
0 0 1
1 1.23546e+06 0
18 0 0
0 0 1
1 1.14387e+06 0
19 0 0
0 0 1
1 1.0681e+06 0
20 0 0
0 0 1
1 1.00309e+06 0
21 0 0
0 0 1
1 950331 0
22 0 0
0 0 1
1 910906 0
23 0 0
0 0 1
1 880833 0
24 0 0
0 0 1
1 856531 0
25 0 0
0 0 1
1 839192 0
26 0 0
0 0 1
1 830992 0
27 0 0
0 0 1
1 831298 0
28 0 0
0 0 1
1 838183 0
29 0 0
0 0 1
1 849670 0
30 0 0
0 0 1
1 862598 0
-1 0 0
