91
1 0 0
0 0 1
1 6.35163e+06 0
2 0 0
0 0 1
1 5.60824e+06 0
3 0 0
0 0 1
1 4.77583e+06 0
4 0 0
0 0 1
1 3.95755e+06 0
5 0 0
0 0 1
1 3.22784e+06 0
6 0 0
0 0 1
1 2.61504e+06 0
7 0 0
0 0 1
1 2.11552e+06 0
8 0 0
0 0 1
1 1.71526e+06 0
9 0 0
0 0 1
1 1.40054e+06 0
10 0 0
0 0 1
1 1.15824e+06 0
11 0 0
0 0 1
1 973891 0
12 0 0
0 0 1
1 832106 0
13 0 0
0 0 1
1 719516 0
14 0 0
0 0 1
1 627572 0
15 0 0
0 0 1
1 552247 0
16 0 0
0 0 1
1 491064 0
17 0 0
0 0 1
1 441094 0
18 0 0
0 0 1
1 399769 0
19 0 0
0 0 1
1 366052 0
20 0 0
0 0 1
1 339484 0
21 0 0
0 0 1
1 318633 0
22 0 0
0 0 1
1 301622 0
23 0 0
0 0 1
1 287944 0
24 0 0
0 0 1
1 278642 0
25 0 0
0 0 1
1 274356 0
26 0 0
0 0 1
1 273937 0
27 0 0
0 0 1
1 275537 0
28 0 0
0 0 1
1 278795 0
29 0 0
0 0 1
1 285197 0
30 0 0
0 0 1
1 295776 0
-1 0 0
