91
1 0 0
0 0 1
1 1.59082e+07 0
2 0 0
0 0 1
1 1.41854e+07 0
3 0 0
0 0 1
1 1.2274e+07 0
4 0 0
0 0 1
1 1.03848e+07 0
5 0 0
0 0 1
1 8.68025e+06 0
6 0 0
0 0 1
1 7.2191e+06 0
7 0 0
0 0 1
1 5.99265e+06 0
8 0 0
0 0 1
1 4.98372e+06 0
9 0 0
0 0 1
1 4.17513e+06 0
10 0 0
0 0 1
1 3.53313e+06 0
11 0 0
0 0 1
1 3.01534e+06 0
12 0 0
0 0 1
1 2.59095e+06 0
13 0 0
0 0 1
1 2.24096e+06 0
14 0 0
0 0 1
1 1.94864e+06 0
15 0 0
0 0 1
1 1.70264e+06 0
16 0 0
0 0 1
1 1.50093e+06 0
17 0 0
0 0 1
1 1.34011e+06 0
18 0 0
0 0 1
1 1.2068e+06 0
19 0 0
0 0 1
1 1.08832e+06 0
20 0 0
0 0 1
1 985006 0
21 0 0
0 0 1
1 902699 0
22 0 0
0 0 1
1 838998 0
23 0 0
0 0 1
1 785852 0
24 0 0
0 0 1
1 740833 0
25 0 0
0 0 1
1 706936 0
26 0 0
0 0 1
1 684617 0
27 0 0
0 0 1
1 672140 0
28 0 0
0 0 1
1 671478 0
29 0 0
0 0 1
1 686343 0
30 0 0
0 0 1
1 714624 0
-1 0 0
