91
1 0 0
0 0 1
1 1.39784e+07 0
2 0 0
0 0 1
1 1.20999e+07 0
3 0 0
0 0 1
1 1.00767e+07 0
4 0 0
0 0 1
1 8.19625e+06 0
5 0 0
0 0 1
1 6.56408e+06 0
6 0 0
0 0 1
1 5.22497e+06 0
7 0 0
0 0 1
1 4.20527e+06 0
8 0 0
0 0 1
1 3.47082e+06 0
9 0 0
0 0 1
1 2.93281e+06 0
10 0 0
0 0 1
1 2.51741e+06 0
11 0 0
0 0 1
1 2.19569e+06 0
12 0 0
0 0 1
1 1.94751e+06 0
13 0 0
0 0 1
1 1.74012e+06 0
14 0 0
0 0 1
1 1.55336e+06 0
15 0 0
0 0 1
1 1.39255e+06 0
16 0 0
0 0 1
1 1.2623e+06 0
17 0 0
0 0 1
1 1.15069e+06 0
18 0 0
0 0 1
1 1.04837e+06 0
19 0 0
0 0 1
1 961362 0
20 0 0
0 0 1
1 894348 0
21 0 0
0 0 1
1 839013 0
22 0 0
0 0 1
1 788312 0
23 0 0
0 0 1
1 746405 0
24 0 0
0 0 1
1 715954 0
25 0 0
0 0 1
1 689880 0
26 0 0
0 0 1
1 663907 0
27 0 0
0 0 1
1 644696 0
28 0 0
0 0 1
1 638048 0
29 0 0
0 0 1
1 640419 0
30 0 0
0 0 1
1 648489 0
-1 0 0
