91
1 0 0
0 0 1
1 7.66864e+06 0
2 0 0
0 0 1
1 6.41826e+06 0
3 0 0
0 0 1
1 5.12966e+06 0
4 0 0
0 0 1
1 3.98097e+06 0
5 0 0
0 0 1
1 3.06416e+06 0
6 0 0
0 0 1
1 2.38374e+06 0
7 0 0
0 0 1
1 1.89501e+06 0
8 0 0
0 0 1
1 1.54611e+06 0
9 0 0
0 0 1
1 1.29551e+06 0
10 0 0
0 0 1
1 1.11043e+06 0
11 0 0
0 0 1
1 965839 0
12 0 0
0 0 1
1 846899 0
13 0 0
0 0 1
1 746636 0
14 0 0
0 0 1
1 660206 0
15 0 0
0 0 1
1 584084 0
16 0 0
0 0 1
1 518263 0
17 0 0
0 0 1
1 463950 0
18 0 0
0 0 1
1 419284 0
19 0 0
0 0 1
1 380760 0
20 0 0
0 0 1
1 347813 0
21 0 0
0 0 1
1 322124 0
22 0 0
0 0 1
1 303122 0
23 0 0
0 0 1
1 287974 0
24 0 0
0 0 1
1 275725 0
25 0 0
0 0 1
1 267947 0
26 0 0
0 0 1
1 265429 0
27 0 0
0 0 1
1 267468 0
28 0 0
0 0 1
1 274225 0
29 0 0
0 0 1
1 286380 0
30 0 0
0 0 1
1 302136 0
-1 0 0
