91
1 0 0
0 0 1
1 6.99679e+06 0
2 0 0
0 0 1
1 6.19384e+06 0
3 0 0
0 0 1
1 5.43e+06 0
4 0 0
0 0 1
1 4.69587e+06 0
5 0 0
0 0 1
1 3.98154e+06 0
6 0 0
0 0 1
1 3.33515e+06 0
7 0 0
0 0 1
1 2.80721e+06 0
8 0 0
0 0 1
1 2.39153e+06 0
9 0 0
0 0 1
1 2.04832e+06 0
10 0 0
0 0 1
1 1.75468e+06 0
11 0 0
0 0 1
1 1.50745e+06 0
12 0 0
0 0 1
1 1.29872e+06 0
13 0 0
0 0 1
1 1.11629e+06 0
14 0 0
0 0 1
1 959168 0
15 0 0
0 0 1
1 832057 0
16 0 0
0 0 1
1 729435 0
17 0 0
0 0 1
1 639726 0
18 0 0
0 0 1
1 560295 0
19 0 0
0 0 1
1 495471 0
20 0 0
0 0 1
1 443878 0
21 0 0
0 0 1
1 399202 0
22 0 0
0 0 1
1 360291 0
23 0 0
0 0 1
1 330299 0
24 0 0
0 0 1
1 308235 0
25 0 0
0 0 1
1 290276 0
26 0 0
0 0 1
1 277327 0
27 0 0
0 0 1
1 273212 0
28 0 0
0 0 1
1 276958 0
29 0 0
0 0 1
1 283884 0
30 0 0
0 0 1
1 292576 0
-1 0 0
