91
1 0 0
0 0 1
1 6.83778e+06 0
2 0 0
0 0 1
1 5.97071e+06 0
3 0 0
0 0 1
1 5.12157e+06 0
4 0 0
0 0 1
1 4.33761e+06 0
5 0 0
0 0 1
1 3.6353e+06 0
6 0 0
0 0 1
1 3.03743e+06 0
7 0 0
0 0 1
1 2.54825e+06 0
8 0 0
0 0 1
1 2.14419e+06 0
9 0 0
0 0 1
1 1.80506e+06 0
10 0 0
0 0 1
1 1.52836e+06 0
11 0 0
0 0 1
1 1.30807e+06 0
12 0 0
0 0 1
1 1.12556e+06 0
13 0 0
0 0 1
1 968898 0
14 0 0
0 0 1
1 840517 0
15 0 0
0 0 1
1 739746 0
16 0 0
0 0 1
1 655180 0
17 0 0
0 0 1
1 579826 0
18 0 0
0 0 1
1 518010 0
19 0 0
0 0 1
1 471706 0
20 0 0
0 0 1
1 433597 0
21 0 0
0 0 1
1 398697 0
22 0 0
0 0 1
1 370533 0
23 0 0
0 0 1
1 350919 0
24 0 0
0 0 1
1 334654 0
25 0 0
0 0 1
1 319183 0
26 0 0
0 0 1
1 309702 0
27 0 0
0 0 1
1 309979 0
28 0 0
0 0 1
1 316343 0
29 0 0
0 0 1
1 324425 0
30 0 0
0 0 1
1 334024 0
-1 0 0
