91
1 0 0
0 0 1
1 1.19348e+07 0
2 0 0
0 0 1
1 1.07723e+07 0
3 0 0
0 0 1
1 9.46857e+06 0
4 0 0
0 0 1
1 8.12461e+06 0
5 0 0
0 0 1
1 6.8702e+06 0
6 0 0
0 0 1
1 5.78274e+06 0
7 0 0
0 0 1
1 4.87685e+06 0
8 0 0
0 0 1
1 4.13759e+06 0
9 0 0
0 0 1
1 3.53986e+06 0
10 0 0
0 0 1
1 3.05338e+06 0
11 0 0
0 0 1
1 2.65258e+06 0
12 0 0
0 0 1
1 2.32219e+06 0
13 0 0
0 0 1
1 2.04878e+06 0
14 0 0
0 0 1
1 1.81563e+06 0
15 0 0
0 0 1
1 1.61159e+06 0
16 0 0
0 0 1
1 1.43659e+06 0
17 0 0
0 0 1
1 1.29172e+06 0
18 0 0
0 0 1
1 1.17064e+06 0
19 0 0
0 0 1
1 1.0659e+06 0
20 0 0
0 0 1
1 976543 0
21 0 0
0 0 1
1 903429 0
22 0 0
0 0 1
1 842875 0
23 0 0
0 0 1
1 790690 0
24 0 0
0 0 1
1 747911 0
25 0 0
0 0 1
1 717210 0
26 0 0
0 0 1
1 697122 0
27 0 0
0 0 1
1 683990 0
28 0 0
0 0 1
1 676426 0
29 0 0
0 0 1
1 674521 0
30 0 0
0 0 1
1 677683 0
-1 0 0
