91
1 0 0
0 0 1
1 1.44428e+07 0
2 0 0
0 0 1
1 1.25143e+07 0
3 0 0
0 0 1
1 1.0407e+07 0
4 0 0
0 0 1
1 8.43178e+06 0
5 0 0
0 0 1
1 6.72189e+06 0
6 0 0
0 0 1
1 5.3126e+06 0
7 0 0
0 0 1
1 4.20528e+06 0
8 0 0
0 0 1
1 3.36768e+06 0
9 0 0
0 0 1
1 2.73904e+06 0
10 0 0
0 0 1
1 2.26267e+06 0
11 0 0
0 0 1
1 1.90066e+06 0
12 0 0
0 0 1
1 1.62052e+06 0
13 0 0
0 0 1
1 1.3921e+06 0
14 0 0
0 0 1
1 1.20119e+06 0
15 0 0
0 0 1
1 1.0474e+06 0
16 0 0
0 0 1
1 924975 0
17 0 0
0 0 1
1 819720 0
18 0 0
0 0 1
1 725559 0
19 0 0
0 0 1
1 648526 0
20 0 0
0 0 1
1 591233 0
21 0 0
0 0 1
1 546049 0
22 0 0
0 0 1
1 506483 0
23 0 0
0 0 1
1 473820 0
24 0 0
0 0 1
1 449454 0
25 0 0
0 0 1
1 430866 0
26 0 0
0 0 1
1 418235 0
27 0 0
0 0 1
1 415868 0
28 0 0
0 0 1
1 424014 0
29 0 0
0 0 1
1 437003 0
30 0 0
0 0 1
1 451715 0
-1 0 0
