91
1 0 0
0 0 1
1 1.34182e+07 0
2 0 0
0 0 1
1 1.10319e+07 0
3 0 0
0 0 1
1 8.74097e+06 0
4 0 0
0 0 1
1 6.81013e+06 0
5 0 0
0 0 1
1 5.29252e+06 0
6 0 0
0 0 1
1 4.15173e+06 0
7 0 0
0 0 1
1 3.32864e+06 0
8 0 0
0 0 1
1 2.74154e+06 0
9 0 0
0 0 1
1 2.30482e+06 0
10 0 0
0 0 1
1 1.96596e+06 0
11 0 0
0 0 1
1 1.70257e+06 0
12 0 0
0 0 1
1 1.49156e+06 0
13 0 0
0 0 1
1 1.30735e+06 0
14 0 0
0 0 1
1 1.14332e+06 0
15 0 0
0 0 1
1 1.00751e+06 0
16 0 0
0 0 1
1 897915 0
17 0 0
0 0 1
1 801652 0
18 0 0
0 0 1
1 715577 0
19 0 0
0 0 1
1 647424 0
20 0 0
0 0 1
1 597046 0
21 0 0
0 0 1
1 554175 0
22 0 0
0 0 1
1 515203 0
23 0 0
0 0 1
1 486378 0
24 0 0
0 0 1
1 469164 0
25 0 0
0 0 1
1 456513 0
26 0 0
0 0 1
1 445597 0
27 0 0
0 0 1
1 442219 0
28 0 0
0 0 1
1 450562 0
29 0 0
0 0 1
1 468497 0
30 0 0
0 0 1
1 493838 0
-1 0 0
