91
1 0 0
0 0 1
1 1.3426e+07 0
2 0 0
0 0 1
1 1.21197e+07 0
3 0 0
0 0 1
1 1.08759e+07 0
4 0 0
0 0 1
1 9.64527e+06 0
5 0 0
0 0 1
1 8.42172e+06 0
6 0 0
0 0 1
1 7.26203e+06 0
7 0 0
0 0 1
1 6.21353e+06 0
8 0 0
0 0 1
1 5.28655e+06 0
9 0 0
0 0 1
1 4.48014e+06 0
10 0 0
0 0 1
1 3.79374e+06 0
11 0 0
0 0 1
1 3.21633e+06 0
12 0 0
0 0 1
1 2.72925e+06 0
13 0 0
0 0 1
1 2.32061e+06 0
14 0 0
0 0 1
1 1.98395e+06 0
15 0 0
0 0 1
1 1.70744e+06 0
16 0 0
0 0 1
1 1.47744e+06 0
17 0 0
0 0 1
1 1.289e+06 0
18 0 0
0 0 1
1 1.14094e+06 0
19 0 0
0 0 1
1 1.02378e+06 0
20 0 0
0 0 1
1 923099 0
21 0 0
0 0 1
1 833287 0
22 0 0
0 0 1
1 758470 0
23 0 0
0 0 1
1 701216 0
24 0 0
0 0 1
1 658804 0
25 0 0
0 0 1
1 629462 0
26 0 0
0 0 1
1 613606 0
27 0 0
0 0 1
1 608104 0
28 0 0
0 0 1
1 606408 0
29 0 0
0 0 1
1 606238 0
30 0 0
0 0 1
1 612046 0
-1 0 0
