91
1 0 0
0 0 1
1 1.49398e+07 0
2 0 0
0 0 1
1 1.29293e+07 0
3 0 0
0 0 1
1 1.09091e+07 0
4 0 0
0 0 1
1 9.04448e+06 0
5 0 0
0 0 1
1 7.44676e+06 0
6 0 0
0 0 1
1 6.13111e+06 0
7 0 0
0 0 1
1 5.05528e+06 0
8 0 0
0 0 1
1 4.18417e+06 0
9 0 0
0 0 1
1 3.49578e+06 0
10 0 0
0 0 1
1 2.95355e+06 0
11 0 0
0 0 1
1 2.51314e+06 0
12 0 0
0 0 1
1 2.15081e+06 0
13 0 0
0 0 1
1 1.86004e+06 0
14 0 0
0 0 1
1 1.62703e+06 0
15 0 0
0 0 1
1 1.43127e+06 0
16 0 0
0 0 1
1 1.26487e+06 0
17 0 0
0 0 1
1 1.13067e+06 0
18 0 0
0 0 1
1 1.02386e+06 0
19 0 0
0 0 1
1 931976 0
20 0 0
0 0 1
1 850165 0
21 0 0
0 0 1
1 781870 0
22 0 0
0 0 1
1 726507 0
23 0 0
0 0 1
1 679532 0
24 0 0
0 0 1
1 642320 0
25 0 0
0 0 1
1 620141 0
26 0 0
0 0 1
1 612505 0
27 0 0
0 0 1
1 615779 0
28 0 0
0 0 1
1 631993 0
29 0 0
0 0 1
1 664144 0
30 0 0
0 0 1
1 705293 0
-1 0 0
