91
1 0 0
0 0 1
1 6.18155e+06 0
2 0 0
0 0 1
1 5.29208e+06 0
3 0 0
0 0 1
1 4.43065e+06 0
4 0 0
0 0 1
1 3.67468e+06 0
5 0 0
0 0 1
1 3.03546e+06 0
6 0 0
0 0 1
1 2.5066e+06 0
7 0 0
0 0 1
1 2.08337e+06 0
8 0 0
0 0 1
1 1.74992e+06 0
9 0 0
0 0 1
1 1.4799e+06 0
10 0 0
0 0 1
1 1.25534e+06 0
11 0 0
0 0 1
1 1.07108e+06 0
12 0 0
0 0 1
1 921194 0
13 0 0
0 0 1
1 794736 0
14 0 0
0 0 1
1 685794 0
15 0 0
0 0 1
1 595963 0
16 0 0
0 0 1
1 524805 0
17 0 0
0 0 1
1 466529 0
18 0 0
0 0 1
1 417234 0
19 0 0
0 0 1
1 377558 0
20 0 0
0 0 1
1 346826 0
21 0 0
0 0 1
1 321211 0
22 0 0
0 0 1
1 298909 0
23 0 0
0 0 1
1 281560 0
24 0 0
0 0 1
1 269777 0
25 0 0
0 0 1
1 262141 0
26 0 0
0 0 1
1 258771 0
27 0 0
0 0 1
1 261194 0
28 0 0
0 0 1
1 268601 0
29 0 0
0 0 1
1 278392 0
30 0 0
0 0 1
1 289784 0
-1 0 0
