91
1 0 0
0 0 1
1 8.24747e+06 0
2 0 0
0 0 1
1 6.87496e+06 0
3 0 0
0 0 1
1 5.44605e+06 0
4 0 0
0 0 1
1 4.18167e+06 0
5 0 0
0 0 1
1 3.19589e+06 0
6 0 0
0 0 1
1 2.48457e+06 0
7 0 0
0 0 1
1 1.97814e+06 0
8 0 0
0 0 1
1 1.61056e+06 0
9 0 0
0 0 1
1 1.34369e+06 0
10 0 0
0 0 1
1 1.14907e+06 0
11 0 0
0 0 1
1 996257 0
12 0 0
0 0 1
1 865227 0
13 0 0
0 0 1
1 753149 0
14 0 0
0 0 1
1 660796 0
15 0 0
0 0 1
1 581958 0
16 0 0
0 0 1
1 510906 0
17 0 0
0 0 1
1 449766 0
18 0 0
0 0 1
1 401565 0
19 0 0
0 0 1
1 362991 0
20 0 0
0 0 1
1 329526 0
21 0 0
0 0 1
1 301648 0
22 0 0
0 0 1
1 280901 0
23 0 0
0 0 1
1 265059 0
24 0 0
0 0 1
1 251803 0
25 0 0
0 0 1
1 242763 0
26 0 0
0 0 1
1 239871 0
27 0 0
0 0 1
1 241639 0
28 0 0
0 0 1
1 246418 0
29 0 0
0 0 1
1 255388 0
30 0 0
0 0 1
1 269042 0
-1 0 0
