91
1 0 0
0 0 1
1 1.3609e+07 0
2 0 0
0 0 1
1 1.20845e+07 0
3 0 0
0 0 1
1 1.03724e+07 0
4 0 0
0 0 1
1 8.67139e+06 0
5 0 0
0 0 1
1 7.1275e+06 0
6 0 0
0 0 1
1 5.82732e+06 0
7 0 0
0 0 1
1 4.7951e+06 0
8 0 0
0 0 1
1 4.00021e+06 0
9 0 0
0 0 1
1 3.3872e+06 0
10 0 0
0 0 1
1 2.90875e+06 0
11 0 0
0 0 1
1 2.53331e+06 0
12 0 0
0 0 1
1 2.23424e+06 0
13 0 0
0 0 1
1 1.98654e+06 0
14 0 0
0 0 1
1 1.77472e+06 0
15 0 0
0 0 1
1 1.59394e+06 0
16 0 0
0 0 1
1 1.44113e+06 0
17 0 0
0 0 1
1 1.31026e+06 0
18 0 0
0 0 1
1 1.19673e+06 0
19 0 0
0 0 1
1 1.09997e+06 0
20 0 0
0 0 1
1 1.01955e+06 0
21 0 0
0 0 1
1 952299 0
22 0 0
0 0 1
1 894826 0
23 0 0
0 0 1
1 845764 0
24 0 0
0 0 1
1 805073 0
25 0 0
0 0 1
1 773682 0
26 0 0
0 0 1
1 753708 0
27 0 0
0 0 1
1 745985 0
28 0 0
0 0 1
1 747191 0
29 0 0
0 0 1
1 752004 0
30 0 0
0 0 1
1 757860 0
-1 0 0
