91
1 0 0
0 0 1
1 1.50803e+07 0
2 0 0
0 0 1
1 1.32991e+07 0
3 0 0
0 0 1
1 1.13073e+07 0
4 0 0
0 0 1
1 9.33626e+06 0
5 0 0
0 0 1
1 7.52651e+06 0
6 0 0
0 0 1
1 5.9738e+06 0
7 0 0
0 0 1
1 4.73482e+06 0
8 0 0
0 0 1
1 3.79968e+06 0
9 0 0
0 0 1
1 3.10282e+06 0
10 0 0
0 0 1
1 2.57437e+06 0
11 0 0
0 0 1
1 2.16954e+06 0
12 0 0
0 0 1
1 1.85665e+06 0
13 0 0
0 0 1
1 1.60518e+06 0
14 0 0
0 0 1
1 1.39449e+06 0
15 0 0
0 0 1
1 1.21827e+06 0
16 0 0
0 0 1
1 1.07256e+06 0
17 0 0
0 0 1
1 949263 0
18 0 0
0 0 1
1 844160 0
19 0 0
0 0 1
1 759634 0
20 0 0
0 0 1
1 694400 0
21 0 0
0 0 1
1 639842 0
22 0 0
0 0 1
1 590398 0
23 0 0
0 0 1
1 548940 0
24 0 0
0 0 1
1 518171 0
25 0 0
0 0 1
1 495113 0
26 0 0
0 0 1
1 478230 0
27 0 0
0 0 1
1 471873 0
28 0 0
0 0 1
1 478421 0
29 0 0
0 0 1
1 492583 0
30 0 0
0 0 1
1 508773 0
-1 0 0
