91
1 0 0
0 0 1
1 1.2292e+07 0
2 0 0
0 0 1
1 1.07333e+07 0
3 0 0
0 0 1
1 9.19532e+06 0
4 0 0
0 0 1
1 7.79945e+06 0
5 0 0
0 0 1
1 6.59879e+06 0
6 0 0
0 0 1
1 5.60097e+06 0
7 0 0
0 0 1
1 4.77635e+06 0
8 0 0
0 0 1
1 4.08503e+06 0
9 0 0
0 0 1
1 3.50376e+06 0
10 0 0
0 0 1
1 3.0206e+06 0
11 0 0
0 0 1
1 2.61749e+06 0
12 0 0
0 0 1
1 2.27467e+06 0
13 0 0
0 0 1
1 1.98399e+06 0
14 0 0
0 0 1
1 1.74334e+06 0
15 0 0
0 0 1
1 1.54372e+06 0
16 0 0
0 0 1
1 1.37332e+06 0
17 0 0
0 0 1
1 1.22853e+06 0
18 0 0
0 0 1
1 1.11e+06 0
19 0 0
0 0 1
1 1.01248e+06 0
20 0 0
0 0 1
1 928435 0
21 0 0
0 0 1
1 857257 0
22 0 0
0 0 1
1 801329 0
23 0 0
0 0 1
1 756553 0
24 0 0
0 0 1
1 715968 0
25 0 0
0 0 1
1 680354 0
26 0 0
0 0 1
1 656961 0
27 0 0
0 0 1
1 648870 0
28 0 0
0 0 1
1 651983 0
29 0 0
0 0 1
1 660927 0
30 0 0
0 0 1
1 672060 0
-1 0 0
