91
1 0 0
0 0 1
1 6.13355e+06 0
2 0 0
0 0 1
1 5.41124e+06 0
3 0 0
0 0 1
1 4.69488e+06 0
4 0 0
0 0 1
1 4.05168e+06 0
5 0 0
0 0 1
1 3.48712e+06 0
6 0 0
0 0 1
1 2.99487e+06 0
7 0 0
0 0 1
1 2.58128e+06 0
8 0 0
0 0 1
1 2.24054e+06 0
9 0 0
0 0 1
1 1.94768e+06 0
10 0 0
0 0 1
1 1.6877e+06 0
11 0 0
0 0 1
1 1.46525e+06 0
12 0 0
0 0 1
1 1.27976e+06 0
13 0 0
0 0 1
1 1.11578e+06 0
14 0 0
0 0 1
1 965150 0
15 0 0
0 0 1
1 836682 0
16 0 0
0 0 1
1 735506 0
17 0 0
0 0 1
1 651362 0
18 0 0
0 0 1
1 575176 0
19 0 0
0 0 1
1 510800 0
20 0 0
0 0 1
1 462125 0
21 0 0
0 0 1
1 422623 0
22 0 0
0 0 1
1 385715 0
23 0 0
0 0 1
1 353753 0
24 0 0
0 0 1
1 329733 0
25 0 0
0 0 1
1 310528 0
26 0 0
0 0 1
1 294585 0
27 0 0
0 0 1
1 286761 0
28 0 0
0 0 1
1 289763 0
29 0 0
0 0 1
1 299035 0
30 0 0
0 0 1
1 310298 0
-1 0 0
