91
1 0 0
0 0 1
1 2.87326e+06 0
2 0 0
0 0 1
1 2.56151e+06 0
3 0 0
0 0 1
1 2.21501e+06 0
4 0 0
0 0 1
1 1.85993e+06 0
5 0 0
0 0 1
1 1.53037e+06 0
6 0 0
0 0 1
1 1.24941e+06 0
7 0 0
0 0 1
1 1.02321e+06 0
8 0 0
0 0 1
1 846464 0
9 0 0
0 0 1
1 709225 0
10 0 0
0 0 1
1 601530 0
11 0 0
0 0 1
1 515889 0
12 0 0
0 0 1
1 447301 0
13 0 0
0 0 1
1 391635 0
14 0 0
0 0 1
1 345064 0
15 0 0
0 0 1
1 305026 0
16 0 0
0 0 1
1 270446 0
17 0 0
0 0 1
1 240663 0
18 0 0
0 0 1
1 214978 0
19 0 0
0 0 1
1 193224 0
20 0 0
0 0 1
1 175537 0
21 0 0
0 0 1
1 161261 0
22 0 0
0 0 1
1 149051 0
23 0 0
0 0 1
1 138329 0
24 0 0
0 0 1
1 129689 0
25 0 0
0 0 1
1 123618 0
26 0 0
0 0 1
1 119763 0
27 0 0
0 0 1
1 117792 0
28 0 0
0 0 1
1 118036 0
29 0 0
0 0 1
1 120710 0
30 0 0
0 0 1
1 125075 0
-1 0 0
