91
1 0 0
0 0 1
1 1.38845e+07 0
2 0 0
0 0 1
1 1.20199e+07 0
3 0 0
0 0 1
1 1.01572e+07 0
4 0 0
0 0 1
1 8.45528e+06 0
5 0 0
0 0 1
1 6.95974e+06 0
6 0 0
0 0 1
1 5.66093e+06 0
7 0 0
0 0 1
1 4.57262e+06 0
8 0 0
0 0 1
1 3.7111e+06 0
9 0 0
0 0 1
1 3.04377e+06 0
10 0 0
0 0 1
1 2.51335e+06 0
11 0 0
0 0 1
1 2.09073e+06 0
12 0 0
0 0 1
1 1.76692e+06 0
13 0 0
0 0 1
1 1.51652e+06 0
14 0 0
0 0 1
1 1.30759e+06 0
15 0 0
0 0 1
1 1.13226e+06 0
16 0 0
0 0 1
1 995840 0
17 0 0
0 0 1
1 887993 0
18 0 0
0 0 1
1 791781 0
19 0 0
0 0 1
1 708754 0
20 0 0
0 0 1
1 648846 0
21 0 0
0 0 1
1 605057 0
22 0 0
0 0 1
1 561928 0
23 0 0
0 0 1
1 520724 0
24 0 0
0 0 1
1 493967 0
25 0 0
0 0 1
1 481717 0
26 0 0
0 0 1
1 473768 0
27 0 0
0 0 1
1 470175 0
28 0 0
0 0 1
1 481156 0
29 0 0
0 0 1
1 510229 0
30 0 0
0 0 1
1 551992 0
-1 0 0
