91
1 0 0
0 0 1
1 6.68991e+06 0
2 0 0
0 0 1
1 5.66365e+06 0
3 0 0
0 0 1
1 4.5844e+06 0
4 0 0
0 0 1
1 3.66339e+06 0
5 0 0
0 0 1
1 2.9651e+06 0
6 0 0
0 0 1
1 2.44024e+06 0
7 0 0
0 0 1
1 2.03672e+06 0
8 0 0
0 0 1
1 1.73506e+06 0
9 0 0
0 0 1
1 1.51248e+06 0
10 0 0
0 0 1
1 1.33388e+06 0
11 0 0
0 0 1
1 1.181e+06 0
12 0 0
0 0 1
1 1.0565e+06 0
13 0 0
0 0 1
1 957675 0
14 0 0
0 0 1
1 870850 0
15 0 0
0 0 1
1 791291 0
16 0 0
0 0 1
1 726053 0
17 0 0
0 0 1
1 675539 0
18 0 0
0 0 1
1 630494 0
19 0 0
0 0 1
1 588173 0
20 0 0
0 0 1
1 554933 0
21 0 0
0 0 1
1 531467 0
22 0 0
0 0 1
1 510242 0
23 0 0
0 0 1
1 489244 0
24 0 0
0 0 1
1 475038 0
25 0 0
0 0 1
1 470145 0
26 0 0
0 0 1
1 468801 0
27 0 0
0 0 1
1 466971 0
28 0 0
0 0 1
1 466485 0
29 0 0
0 0 1
1 468035 0
30 0 0
0 0 1
1 469518 0
-1 0 0
