91
1 0 0
0 0 1
1 3.06336e+07 0
2 0 0
0 0 1
1 2.61731e+07 0
3 0 0
0 0 1
1 2.12534e+07 0
4 0 0
0 0 1
1 1.67942e+07 0
5 0 0
0 0 1
1 1.32175e+07 0
6 0 0
0 0 1
1 1.0509e+07 0
7 0 0
0 0 1
1 8.50184e+06 0
8 0 0
0 0 1
1 7.0417e+06 0
9 0 0
0 0 1
1 5.98315e+06 0
10 0 0
0 0 1
1 5.18064e+06 0
11 0 0
0 0 1
1 4.5347e+06 0
12 0 0
0 0 1
1 4.00695e+06 0
13 0 0
0 0 1
1 3.57399e+06 0
14 0 0
0 0 1
1 3.19883e+06 0
15 0 0
0 0 1
1 2.85658e+06 0
16 0 0
0 0 1
1 2.55396e+06 0
17 0 0
0 0 1
1 2.30376e+06 0
18 0 0
0 0 1
1 2.09792e+06 0
19 0 0
0 0 1
1 1.91868e+06 0
20 0 0
0 0 1
1 1.76068e+06 0
21 0 0
0 0 1
1 1.62922e+06 0
22 0 0
0 0 1
1 1.5266e+06 0
23 0 0
0 0 1
1 1.44982e+06 0
24 0 0
0 0 1
1 1.39423e+06 0
25 0 0
0 0 1
1 1.35238e+06 0
26 0 0
0 0 1
1 1.31624e+06 0
27 0 0
0 0 1
1 1.28584e+06 0
28 0 0
0 0 1
1 1.27015e+06 0
29 0 0
0 0 1
1 1.27614e+06 0
30 0 0
0 0 1
1 1.3024e+06 0
-1 0 0
