91
1 0 0
0 0 1
1 1.14956e+07 0
2 0 0
0 0 1
1 1.05315e+07 0
3 0 0
0 0 1
1 9.7565e+06 0
4 0 0
0 0 1
1 9.13567e+06 0
5 0 0
0 0 1
1 8.54946e+06 0
6 0 0
0 0 1
1 7.86726e+06 0
7 0 0
0 0 1
1 7.03283e+06 0
8 0 0
0 0 1
1 6.10233e+06 0
9 0 0
0 0 1
1 5.18492e+06 0
10 0 0
0 0 1
1 4.35309e+06 0
11 0 0
0 0 1
1 3.62319e+06 0
12 0 0
0 0 1
1 2.99584e+06 0
13 0 0
0 0 1
1 2.47515e+06 0
14 0 0
0 0 1
1 2.05234e+06 0
15 0 0
0 0 1
1 1.70452e+06 0
16 0 0
0 0 1
1 1.41698e+06 0
17 0 0
0 0 1
1 1.18807e+06 0
18 0 0
0 0 1
1 1.0112e+06 0
19 0 0
0 0 1
1 870713 0
20 0 0
0 0 1
1 757365 0
21 0 0
0 0 1
1 671561 0
22 0 0
0 0 1
1 609454 0
23 0 0
0 0 1
1 560507 0
24 0 0
0 0 1
1 520918 0
25 0 0
0 0 1
1 496341 0
26 0 0
0 0 1
1 488704 0
27 0 0
0 0 1
1 491086 0
28 0 0
0 0 1
1 497310 0
29 0 0
0 0 1
1 506954 0
30 0 0
0 0 1
1 519710 0
-1 0 0
