91
1 0 0
0 0 1
1 6.27426e+06 0
2 0 0
0 0 1
1 5.54372e+06 0
3 0 0
0 0 1
1 4.71149e+06 0
4 0 0
0 0 1
1 3.89057e+06 0
5 0 0
0 0 1
1 3.17012e+06 0
6 0 0
0 0 1
1 2.5927e+06 0
7 0 0
0 0 1
1 2.15421e+06 0
8 0 0
0 0 1
1 1.82601e+06 0
9 0 0
0 0 1
1 1.578e+06 0
10 0 0
0 0 1
1 1.38711e+06 0
11 0 0
0 0 1
1 1.23589e+06 0
12 0 0
0 0 1
1 1.11186e+06 0
13 0 0
0 0 1
1 1.00796e+06 0
14 0 0
0 0 1
1 920202 0
15 0 0
0 0 1
1 844471 0
16 0 0
0 0 1
1 777021 0
17 0 0
0 0 1
1 716630 0
18 0 0
0 0 1
1 664206 0
19 0 0
0 0 1
1 620396 0
20 0 0
0 0 1
1 584671 0
21 0 0
0 0 1
1 555981 0
22 0 0
0 0 1
1 532882 0
23 0 0
0 0 1
1 513478 0
24 0 0
0 0 1
1 496568 0
25 0 0
0 0 1
1 482672 0
26 0 0
0 0 1
1 472979 0
27 0 0
0 0 1
1 467517 0
28 0 0
0 0 1
1 465193 0
29 0 0
0 0 1
1 465152 0
30 0 0
0 0 1
1 467086 0
-1 0 0
