91
1 0 0
0 0 1
1 5.77225e+06 0
2 0 0
0 0 1
1 5.1719e+06 0
3 0 0
0 0 1
1 4.52e+06 0
4 0 0
0 0 1
1 3.86792e+06 0
5 0 0
0 0 1
1 3.26673e+06 0
6 0 0
0 0 1
1 2.74348e+06 0
7 0 0
0 0 1
1 2.30122e+06 0
8 0 0
0 0 1
1 1.93307e+06 0
9 0 0
0 0 1
1 1.6296e+06 0
10 0 0
0 0 1
1 1.3794e+06 0
11 0 0
0 0 1
1 1.17183e+06 0
12 0 0
0 0 1
1 1.00016e+06 0
13 0 0
0 0 1
1 859113 0
14 0 0
0 0 1
1 741305 0
15 0 0
0 0 1
1 639596 0
16 0 0
0 0 1
1 551350 0
17 0 0
0 0 1
1 477324 0
18 0 0
0 0 1
1 417381 0
19 0 0
0 0 1
1 369577 0
20 0 0
0 0 1
1 331920 0
21 0 0
0 0 1
1 302444 0
22 0 0
0 0 1
1 278678 0
23 0 0
0 0 1
1 259277 0
24 0 0
0 0 1
1 245104 0
25 0 0
0 0 1
1 236799 0
26 0 0
0 0 1
1 232698 0
27 0 0
0 0 1
1 231248 0
28 0 0
0 0 1
1 233837 0
29 0 0
0 0 1
1 242483 0
30 0 0
0 0 1
1 255568 0
-1 0 0
