91
1 0 0
0 0 1
1 1.53962e+07 0
2 0 0
0 0 1
1 1.33773e+07 0
3 0 0
0 0 1
1 1.11786e+07 0
4 0 0
0 0 1
1 9.03598e+06 0
5 0 0
0 0 1
1 7.18539e+06 0
6 0 0
0 0 1
1 5.74539e+06 0
7 0 0
0 0 1
1 4.67738e+06 0
8 0 0
0 0 1
1 3.87867e+06 0
9 0 0
0 0 1
1 3.27562e+06 0
10 0 0
0 0 1
1 2.82338e+06 0
11 0 0
0 0 1
1 2.47333e+06 0
12 0 0
0 0 1
1 2.1821e+06 0
13 0 0
0 0 1
1 1.93345e+06 0
14 0 0
0 0 1
1 1.7261e+06 0
15 0 0
0 0 1
1 1.55124e+06 0
16 0 0
0 0 1
1 1.39708e+06 0
17 0 0
0 0 1
1 1.2624e+06 0
18 0 0
0 0 1
1 1.15017e+06 0
19 0 0
0 0 1
1 1.05611e+06 0
20 0 0
0 0 1
1 974495 0
21 0 0
0 0 1
1 906255 0
22 0 0
0 0 1
1 852187 0
23 0 0
0 0 1
1 806399 0
24 0 0
0 0 1
1 764898 0
25 0 0
0 0 1
1 732495 0
26 0 0
0 0 1
1 713592 0
27 0 0
0 0 1
1 704069 0
28 0 0
0 0 1
1 699568 0
29 0 0
0 0 1
1 703898 0
30 0 0
0 0 1
1 721638 0
-1 0 0
