91
1 0 0
0 0 1
1 6.11794e+06 0
2 0 0
0 0 1
1 4.97065e+06 0
3 0 0
0 0 1
1 3.85773e+06 0
4 0 0
0 0 1
1 2.98692e+06 0
5 0 0
0 0 1
1 2.36781e+06 0
6 0 0
0 0 1
1 1.91542e+06 0
7 0 0
0 0 1
1 1.5761e+06 0
8 0 0
0 0 1
1 1.3332e+06 0
9 0 0
0 0 1
1 1.15866e+06 0
10 0 0
0 0 1
1 1.01646e+06 0
11 0 0
0 0 1
1 894222 0
12 0 0
0 0 1
1 796096 0
13 0 0
0 0 1
1 715401 0
14 0 0
0 0 1
1 639090 0
15 0 0
0 0 1
1 568323 0
16 0 0
0 0 1
1 512288 0
17 0 0
0 0 1
1 468671 0
18 0 0
0 0 1
1 428053 0
19 0 0
0 0 1
1 390947 0
20 0 0
0 0 1
1 364227 0
21 0 0
0 0 1
1 345865 0
22 0 0
0 0 1
1 327676 0
23 0 0
0 0 1
1 309179 0
24 0 0
0 0 1
1 296191 0
25 0 0
0 0 1
1 289080 0
26 0 0
0 0 1
1 283482 0
27 0 0
0 0 1
1 279582 0
28 0 0
0 0 1
1 280789 0
29 0 0
0 0 1
1 286001 0
30 0 0
0 0 1
1 291723 0
-1 0 0
