91
1 0 0
0 0 1
1 6.92714e+06 0
2 0 0
0 0 1
1 5.96963e+06 0
3 0 0
0 0 1
1 4.91854e+06 0
4 0 0
0 0 1
1 3.92612e+06 0
5 0 0
0 0 1
1 3.09691e+06 0
6 0 0
0 0 1
1 2.45643e+06 0
7 0 0
0 0 1
1 1.98121e+06 0
8 0 0
0 0 1
1 1.63555e+06 0
9 0 0
0 0 1
1 1.38276e+06 0
10 0 0
0 0 1
1 1.18869e+06 0
11 0 0
0 0 1
1 1.03122e+06 0
12 0 0
0 0 1
1 902010 0
13 0 0
0 0 1
1 795994 0
14 0 0
0 0 1
1 705701 0
15 0 0
0 0 1
1 626817 0
16 0 0
0 0 1
1 560477 0
17 0 0
0 0 1
1 506715 0
18 0 0
0 0 1
1 461556 0
19 0 0
0 0 1
1 422339 0
20 0 0
0 0 1
1 390091 0
21 0 0
0 0 1
1 365043 0
22 0 0
0 0 1
1 345052 0
23 0 0
0 0 1
1 329685 0
24 0 0
0 0 1
1 320802 0
25 0 0
0 0 1
1 317910 0
26 0 0
0 0 1
1 317595 0
27 0 0
0 0 1
1 318335 0
28 0 0
0 0 1
1 321409 0
29 0 0
0 0 1
1 326539 0
30 0 0
0 0 1
1 331229 0
-1 0 0
