91
1 0 0
0 0 1
1 1.16995e+07 0
2 0 0
0 0 1
1 9.86374e+06 0
3 0 0
0 0 1
1 7.95576e+06 0
4 0 0
0 0 1
1 6.32723e+06 0
5 0 0
0 0 1
1 5.11467e+06 0
6 0 0
0 0 1
1 4.22766e+06 0
7 0 0
0 0 1
1 3.53965e+06 0
8 0 0
0 0 1
1 3.00484e+06 0
9 0 0
0 0 1
1 2.60502e+06 0
10 0 0
0 0 1
1 2.29015e+06 0
11 0 0
0 0 1
1 2.01528e+06 0
12 0 0
0 0 1
1 1.77973e+06 0
13 0 0
0 0 1
1 1.59247e+06 0
14 0 0
0 0 1
1 1.4356e+06 0
15 0 0
0 0 1
1 1.28917e+06 0
16 0 0
0 0 1
1 1.15971e+06 0
17 0 0
0 0 1
1 1.05822e+06 0
18 0 0
0 0 1
1 974605 0
19 0 0
0 0 1
1 895896 0
20 0 0
0 0 1
1 827669 0
21 0 0
0 0 1
1 777852 0
22 0 0
0 0 1
1 738692 0
23 0 0
0 0 1
1 702157 0
24 0 0
0 0 1
1 675058 0
25 0 0
0 0 1
1 662618 0
26 0 0
0 0 1
1 654151 0
27 0 0
0 0 1
1 640775 0
28 0 0
0 0 1
1 631416 0
29 0 0
0 0 1
1 635943 0
30 0 0
0 0 1
1 647229 0
-1 0 0
