91
1 0 0
0 0 1
1 7.68515e+06 0
2 0 0
0 0 1
1 6.78809e+06 0
3 0 0
0 0 1
1 5.80574e+06 0
4 0 0
0 0 1
1 4.85188e+06 0
5 0 0
0 0 1
1 3.99476e+06 0
6 0 0
0 0 1
1 3.26426e+06 0
7 0 0
0 0 1
1 2.66326e+06 0
8 0 0
0 0 1
1 2.1784e+06 0
9 0 0
0 0 1
1 1.79232e+06 0
10 0 0
0 0 1
1 1.489e+06 0
11 0 0
0 0 1
1 1.25076e+06 0
12 0 0
0 0 1
1 1.05888e+06 0
13 0 0
0 0 1
1 900844 0
14 0 0
0 0 1
1 772262 0
15 0 0
0 0 1
1 669736 0
16 0 0
0 0 1
1 586943 0
17 0 0
0 0 1
1 519208 0
18 0 0
0 0 1
1 465778 0
19 0 0
0 0 1
1 424677 0
20 0 0
0 0 1
1 390272 0
21 0 0
0 0 1
1 358870 0
22 0 0
0 0 1
1 332403 0
23 0 0
0 0 1
1 313673 0
24 0 0
0 0 1
1 301753 0
25 0 0
0 0 1
1 294750 0
26 0 0
0 0 1
1 293384 0
27 0 0
0 0 1
1 298567 0
28 0 0
0 0 1
1 308081 0
29 0 0
0 0 1
1 318414 0
30 0 0
0 0 1
1 327783 0
-1 0 0
