91
1 0 0
0 0 1
1 6.25487e+06 0
2 0 0
0 0 1
1 5.42394e+06 0
3 0 0
0 0 1
1 4.60708e+06 0
4 0 0
0 0 1
1 3.8665e+06 0
5 0 0
0 0 1
1 3.21998e+06 0
6 0 0
0 0 1
1 2.67069e+06 0
7 0 0
0 0 1
1 2.2129e+06 0
8 0 0
0 0 1
1 1.83228e+06 0
9 0 0
0 0 1
1 1.5157e+06 0
10 0 0
0 0 1
1 1.25727e+06 0
11 0 0
0 0 1
1 1.05202e+06 0
12 0 0
0 0 1
1 890172 0
13 0 0
0 0 1
1 761039 0
14 0 0
0 0 1
1 657560 0
15 0 0
0 0 1
1 574468 0
16 0 0
0 0 1
1 506254 0
17 0 0
0 0 1
1 449382 0
18 0 0
0 0 1
1 403108 0
19 0 0
0 0 1
1 366239 0
20 0 0
0 0 1
1 335763 0
21 0 0
0 0 1
1 309571 0
22 0 0
0 0 1
1 287661 0
23 0 0
0 0 1
1 269963 0
24 0 0
0 0 1
1 255744 0
25 0 0
0 0 1
1 245532 0
26 0 0
0 0 1
1 240793 0
27 0 0
0 0 1
1 241422 0
28 0 0
0 0 1
1 246242 0
29 0 0
0 0 1
1 255715 0
30 0 0
0 0 1
1 270739 0
-1 0 0
