91
1 0 0
0 0 1
1 6.08828e+06 0
2 0 0
0 0 1
1 5.28332e+06 0
3 0 0
0 0 1
1 4.45543e+06 0
4 0 0
0 0 1
1 3.69079e+06 0
5 0 0
0 0 1
1 3.0344e+06 0
6 0 0
0 0 1
1 2.4977e+06 0
7 0 0
0 0 1
1 2.07209e+06 0
8 0 0
0 0 1
1 1.73911e+06 0
9 0 0
0 0 1
1 1.4771e+06 0
10 0 0
0 0 1
1 1.26698e+06 0
11 0 0
0 0 1
1 1.09542e+06 0
12 0 0
0 0 1
1 954104 0
13 0 0
0 0 1
1 836863 0
14 0 0
0 0 1
1 738424 0
15 0 0
0 0 1
1 654795 0
16 0 0
0 0 1
1 583500 0
17 0 0
0 0 1
1 523136 0
18 0 0
0 0 1
1 472800 0
19 0 0
0 0 1
1 431411 0
20 0 0
0 0 1
1 397110 0
21 0 0
0 0 1
1 367698 0
22 0 0
0 0 1
1 341937 0
23 0 0
0 0 1
1 320020 0
24 0 0
0 0 1
1 302601 0
25 0 0
0 0 1
1 289879 0
26 0 0
0 0 1
1 281610 0
27 0 0
0 0 1
1 277204 0
28 0 0
0 0 1
1 275655 0
29 0 0
0 0 1
1 276247 0
30 0 0
0 0 1
1 279460 0
-1 0 0
