91
1 0 0
0 0 1
1 6.71048e+06 0
2 0 0
0 0 1
1 5.86395e+06 0
3 0 0
0 0 1
1 4.96656e+06 0
4 0 0
0 0 1
1 4.1032e+06 0
5 0 0
0 0 1
1 3.32913e+06 0
6 0 0
0 0 1
1 2.69026e+06 0
7 0 0
0 0 1
1 2.20151e+06 0
8 0 0
0 0 1
1 1.83944e+06 0
9 0 0
0 0 1
1 1.56923e+06 0
10 0 0
0 0 1
1 1.36628e+06 0
11 0 0
0 0 1
1 1.21187e+06 0
12 0 0
0 0 1
1 1.08733e+06 0
13 0 0
0 0 1
1 980890 0
14 0 0
0 0 1
1 890420 0
15 0 0
0 0 1
1 814751 0
16 0 0
0 0 1
1 749259 0
17 0 0
0 0 1
1 691406 0
18 0 0
0 0 1
1 642521 0
19 0 0
0 0 1
1 601971 0
20 0 0
0 0 1
1 566108 0
21 0 0
0 0 1
1 534163 0
22 0 0
0 0 1
1 508803 0
23 0 0
0 0 1
1 489814 0
24 0 0
0 0 1
1 473279 0
25 0 0
0 0 1
1 458074 0
26 0 0
0 0 1
1 447527 0
27 0 0
0 0 1
1 443528 0
28 0 0
0 0 1
1 443983 0
29 0 0
0 0 1
1 446816 0
30 0 0
0 0 1
1 451722 0
-1 0 0
