91
1 0 0
0 0 1
1 8.57845e+06 0
2 0 0
0 0 1
1 7.41624e+06 0
3 0 0
0 0 1
1 6.09928e+06 0
4 0 0
0 0 1
1 4.83961e+06 0
5 0 0
0 0 1
1 3.77656e+06 0
6 0 0
0 0 1
1 2.95838e+06 0
7 0 0
0 0 1
1 2.36279e+06 0
8 0 0
0 0 1
1 1.9348e+06 0
9 0 0
0 0 1
1 1.62053e+06 0
10 0 0
0 0 1
1 1.38288e+06 0
11 0 0
0 0 1
1 1.19871e+06 0
12 0 0
0 0 1
1 1.05069e+06 0
13 0 0
0 0 1
1 925796 0
14 0 0
0 0 1
1 817928 0
15 0 0
0 0 1
1 726052 0
16 0 0
0 0 1
1 648744 0
17 0 0
0 0 1
1 582810 0
18 0 0
0 0 1
1 526465 0
19 0 0
0 0 1
1 480049 0
20 0 0
0 0 1
1 442740 0
21 0 0
0 0 1
1 411381 0
22 0 0
0 0 1
1 383646 0
23 0 0
0 0 1
1 360060 0
24 0 0
0 0 1
1 341755 0
25 0 0
0 0 1
1 328280 0
26 0 0
0 0 1
1 318853 0
27 0 0
0 0 1
1 313994 0
28 0 0
0 0 1
1 314475 0
29 0 0
0 0 1
1 319940 0
30 0 0
0 0 1
1 329804 0
-1 0 0
