91
1 0 0
0 0 1
1 6.51614e+06 0
2 0 0
0 0 1
1 5.52652e+06 0
3 0 0
0 0 1
1 4.52526e+06 0
4 0 0
0 0 1
1 3.62798e+06 0
5 0 0
0 0 1
1 2.90236e+06 0
6 0 0
0 0 1
1 2.35076e+06 0
7 0 0
0 0 1
1 1.93495e+06 0
8 0 0
0 0 1
1 1.61817e+06 0
9 0 0
0 0 1
1 1.37784e+06 0
10 0 0
0 0 1
1 1.1926e+06 0
11 0 0
0 0 1
1 1.03986e+06 0
12 0 0
0 0 1
1 907543 0
13 0 0
0 0 1
1 794885 0
14 0 0
0 0 1
1 700082 0
15 0 0
0 0 1
1 616775 0
16 0 0
0 0 1
1 542295 0
17 0 0
0 0 1
1 479186 0
18 0 0
0 0 1
1 427224 0
19 0 0
0 0 1
1 381956 0
20 0 0
0 0 1
1 341953 0
21 0 0
0 0 1
1 310054 0
22 0 0
0 0 1
1 286376 0
23 0 0
0 0 1
1 266802 0
24 0 0
0 0 1
1 249557 0
25 0 0
0 0 1
1 237278 0
26 0 0
0 0 1
1 231292 0
27 0 0
0 0 1
1 229027 0
28 0 0
0 0 1
1 228170 0
29 0 0
0 0 1
1 228721 0
30 0 0
0 0 1
1 230233 0
-1 0 0
