91
1 0 0
0 0 1
1 8.54485e+06 0
2 0 0
0 0 1
1 7.29311e+06 0
3 0 0
0 0 1
1 6.01981e+06 0
4 0 0
0 0 1
1 4.90346e+06 0
5 0 0
0 0 1
1 3.99721e+06 0
6 0 0
0 0 1
1 3.28348e+06 0
7 0 0
0 0 1
1 2.73067e+06 0
8 0 0
0 0 1
1 2.30788e+06 0
9 0 0
0 0 1
1 1.9809e+06 0
10 0 0
0 0 1
1 1.71889e+06 0
11 0 0
0 0 1
1 1.50407e+06 0
12 0 0
0 0 1
1 1.32802e+06 0
13 0 0
0 0 1
1 1.18231e+06 0
14 0 0
0 0 1
1 1.05841e+06 0
15 0 0
0 0 1
1 952428 0
16 0 0
0 0 1
1 863552 0
17 0 0
0 0 1
1 788906 0
18 0 0
0 0 1
1 724307 0
19 0 0
0 0 1
1 668503 0
20 0 0
0 0 1
1 622453 0
21 0 0
0 0 1
1 585117 0
22 0 0
0 0 1
1 553249 0
23 0 0
0 0 1
1 524888 0
24 0 0
0 0 1
1 500381 0
25 0 0
0 0 1
1 480439 0
26 0 0
0 0 1
1 465483 0
27 0 0
0 0 1
1 456374 0
28 0 0
0 0 1
1 453608 0
29 0 0
0 0 1
1 456054 0
30 0 0
0 0 1
1 462206 0
-1 0 0
