91
1 0 0
0 0 1
1 1.43452e+07 0
2 0 0
0 0 1
1 1.26134e+07 0
3 0 0
0 0 1
1 1.06827e+07 0
4 0 0
0 0 1
1 8.76087e+06 0
5 0 0
0 0 1
1 7.06861e+06 0
6 0 0
0 0 1
1 5.70099e+06 0
7 0 0
0 0 1
1 4.62858e+06 0
8 0 0
0 0 1
1 3.79022e+06 0
9 0 0
0 0 1
1 3.13926e+06 0
10 0 0
0 0 1
1 2.63004e+06 0
11 0 0
0 0 1
1 2.21728e+06 0
12 0 0
0 0 1
1 1.87724e+06 0
13 0 0
0 0 1
1 1.60486e+06 0
14 0 0
0 0 1
1 1.39023e+06 0
15 0 0
0 0 1
1 1.21544e+06 0
16 0 0
0 0 1
1 1.07028e+06 0
17 0 0
0 0 1
1 953066 0
18 0 0
0 0 1
1 858095 0
19 0 0
0 0 1
1 776301 0
20 0 0
0 0 1
1 705923 0
21 0 0
0 0 1
1 650057 0
22 0 0
0 0 1
1 606089 0
23 0 0
0 0 1
1 568356 0
24 0 0
0 0 1
1 538632 0
25 0 0
0 0 1
1 523968 0
26 0 0
0 0 1
1 526177 0
27 0 0
0 0 1
1 541481 0
28 0 0
0 0 1
1 567385 0
29 0 0
0 0 1
1 601627 0
30 0 0
0 0 1
1 636896 0
-1 0 0
