91
1 0 0
0 0 1
1 1.33184e+07 0
2 0 0
0 0 1
1 1.13728e+07 0
3 0 0
0 0 1
1 9.56797e+06 0
4 0 0
0 0 1
1 7.99563e+06 0
5 0 0
0 0 1
1 6.64098e+06 0
6 0 0
0 0 1
1 5.51214e+06 0
7 0 0
0 0 1
1 4.61725e+06 0
8 0 0
0 0 1
1 3.91126e+06 0
9 0 0
0 0 1
1 3.3299e+06 0
10 0 0
0 0 1
1 2.84604e+06 0
11 0 0
0 0 1
1 2.45694e+06 0
12 0 0
0 0 1
1 2.14332e+06 0
13 0 0
0 0 1
1 1.87579e+06 0
14 0 0
0 0 1
1 1.64501e+06 0
15 0 0
0 0 1
1 1.45521e+06 0
16 0 0
0 0 1
1 1.29764e+06 0
17 0 0
0 0 1
1 1.15432e+06 0
18 0 0
0 0 1
1 1.02084e+06 0
19 0 0
0 0 1
1 904821 0
20 0 0
0 0 1
1 806682 0
21 0 0
0 0 1
1 719138 0
22 0 0
0 0 1
1 641755 0
23 0 0
0 0 1
1 580917 0
24 0 0
0 0 1
1 537416 0
25 0 0
0 0 1
1 505828 0
26 0 0
0 0 1
1 483724 0
27 0 0
0 0 1
1 471499 0
28 0 0
0 0 1
1 465980 0
29 0 0
0 0 1
1 463253 0
30 0 0
0 0 1
1 465056 0
-1 0 0
