91
1 0 0
0 0 1
1 1.41372e+07 0
2 0 0
0 0 1
1 1.26394e+07 0
3 0 0
0 0 1
1 1.12355e+07 0
4 0 0
0 0 1
1 9.95422e+06 0
5 0 0
0 0 1
1 8.71273e+06 0
6 0 0
0 0 1
1 7.50729e+06 0
7 0 0
0 0 1
1 6.41992e+06 0
8 0 0
0 0 1
1 5.49772e+06 0
9 0 0
0 0 1
1 4.71233e+06 0
10 0 0
0 0 1
1 4.02807e+06 0
11 0 0
0 0 1
1 3.44286e+06 0
12 0 0
0 0 1
1 2.95545e+06 0
13 0 0
0 0 1
1 2.54314e+06 0
14 0 0
0 0 1
1 2.18811e+06 0
15 0 0
0 0 1
1 1.89261e+06 0
16 0 0
0 0 1
1 1.65523e+06 0
17 0 0
0 0 1
1 1.45723e+06 0
18 0 0
0 0 1
1 1.28315e+06 0
19 0 0
0 0 1
1 1.13435e+06 0
20 0 0
0 0 1
1 1.01338e+06 0
21 0 0
0 0 1
1 912649 0
22 0 0
0 0 1
1 826046 0
23 0 0
0 0 1
1 756526 0
24 0 0
0 0 1
1 704919 0
25 0 0
0 0 1
1 664373 0
26 0 0
0 0 1
1 631883 0
27 0 0
0 0 1
1 613661 0
28 0 0
0 0 1
1 613694 0
29 0 0
0 0 1
1 626904 0
30 0 0
0 0 1
1 647196 0
-1 0 0
