91
1 0 0
0 0 1
1 1.1916e+07 0
2 0 0
0 0 1
1 1.0434e+07 0
3 0 0
0 0 1
1 8.98695e+06 0
4 0 0
0 0 1
1 7.65989e+06 0
5 0 0
0 0 1
1 6.43349e+06 0
6 0 0
0 0 1
1 5.32098e+06 0
7 0 0
0 0 1
1 4.37518e+06 0
8 0 0
0 0 1
1 3.61539e+06 0
9 0 0
0 0 1
1 3.01214e+06 0
10 0 0
0 0 1
1 2.53232e+06 0
11 0 0
0 0 1
1 2.15746e+06 0
12 0 0
0 0 1
1 1.86389e+06 0
13 0 0
0 0 1
1 1.62147e+06 0
14 0 0
0 0 1
1 1.41577e+06 0
15 0 0
0 0 1
1 1.24896e+06 0
16 0 0
0 0 1
1 1.11746e+06 0
17 0 0
0 0 1
1 1.00702e+06 0
18 0 0
0 0 1
1 909458 0
19 0 0
0 0 1
1 827090 0
20 0 0
0 0 1
1 760058 0
21 0 0
0 0 1
1 703305 0
22 0 0
0 0 1
1 656096 0
23 0 0
0 0 1
1 621435 0
24 0 0
0 0 1
1 596127 0
25 0 0
0 0 1
1 573517 0
26 0 0
0 0 1
1 555836 0
27 0 0
0 0 1
1 552076 0
28 0 0
0 0 1
1 563046 0
29 0 0
0 0 1
1 579096 0
30 0 0
0 0 1
1 593171 0
-1 0 0
