91
1 0 0
0 0 1
1 1.25126e+07 0
2 0 0
0 0 1
1 1.13332e+07 0
3 0 0
0 0 1
1 9.88385e+06 0
4 0 0
0 0 1
1 8.3344e+06 0
5 0 0
0 0 1
1 6.8959e+06 0
6 0 0
0 0 1
1 5.68715e+06 0
7 0 0
0 0 1
1 4.71126e+06 0
8 0 0
0 0 1
1 3.92404e+06 0
9 0 0
0 0 1
1 3.29128e+06 0
10 0 0
0 0 1
1 2.7883e+06 0
11 0 0
0 0 1
1 2.38422e+06 0
12 0 0
0 0 1
1 2.0505e+06 0
13 0 0
0 0 1
1 1.77441e+06 0
14 0 0
0 0 1
1 1.55053e+06 0
15 0 0
0 0 1
1 1.36653e+06 0
16 0 0
0 0 1
1 1.20832e+06 0
17 0 0
0 0 1
1 1.07253e+06 0
18 0 0
0 0 1
1 962489 0
19 0 0
0 0 1
1 875711 0
20 0 0
0 0 1
1 804691 0
21 0 0
0 0 1
1 746439 0
22 0 0
0 0 1
1 701899 0
23 0 0
0 0 1
1 668230 0
24 0 0
0 0 1
1 640379 0
25 0 0
0 0 1
1 618952 0
26 0 0
0 0 1
1 608829 0
27 0 0
0 0 1
1 610944 0
28 0 0
0 0 1
1 622015 0
29 0 0
0 0 1
1 640194 0
30 0 0
0 0 1
1 663018 0
-1 0 0
