91
1 0 0
0 0 1
1 8.46316e+06 0
2 0 0
0 0 1
1 7.1468e+06 0
3 0 0
0 0 1
1 5.83263e+06 0
4 0 0
0 0 1
1 4.69857e+06 0
5 0 0
0 0 1
1 3.7955e+06 0
6 0 0
0 0 1
1 3.10161e+06 0
7 0 0
0 0 1
1 2.57725e+06 0
8 0 0
0 0 1
1 2.18267e+06 0
9 0 0
0 0 1
1 1.88073e+06 0
10 0 0
0 0 1
1 1.64343e+06 0
11 0 0
0 0 1
1 1.45371e+06 0
12 0 0
0 0 1
1 1.29836e+06 0
13 0 0
0 0 1
1 1.16503e+06 0
14 0 0
0 0 1
1 1.04755e+06 0
15 0 0
0 0 1
1 946924 0
16 0 0
0 0 1
1 863826 0
17 0 0
0 0 1
1 794116 0
18 0 0
0 0 1
1 733496 0
19 0 0
0 0 1
1 681551 0
20 0 0
0 0 1
1 638744 0
21 0 0
0 0 1
1 603194 0
22 0 0
0 0 1
1 572663 0
23 0 0
0 0 1
1 546688 0
24 0 0
0 0 1
1 525014 0
25 0 0
0 0 1
1 506715 0
26 0 0
0 0 1
1 492329 0
27 0 0
0 0 1
1 484176 0
28 0 0
0 0 1
1 483173 0
29 0 0
0 0 1
1 487690 0
30 0 0
0 0 1
1 496475 0
-1 0 0
