91
1 0 0
0 0 1
1 5.21251e+06 0
2 0 0
0 0 1
1 4.68311e+06 0
3 0 0
0 0 1
1 4.12508e+06 0
4 0 0
0 0 1
1 3.56857e+06 0
5 0 0
0 0 1
1 3.05275e+06 0
6 0 0
0 0 1
1 2.60498e+06 0
7 0 0
0 0 1
1 2.23154e+06 0
8 0 0
0 0 1
1 1.92613e+06 0
9 0 0
0 0 1
1 1.67883e+06 0
10 0 0
0 0 1
1 1.47791e+06 0
11 0 0
0 0 1
1 1.31168e+06 0
12 0 0
0 0 1
1 1.17217e+06 0
13 0 0
0 0 1
1 1.05443e+06 0
14 0 0
0 0 1
1 952950 0
15 0 0
0 0 1
1 862472 0
16 0 0
0 0 1
1 781564 0
17 0 0
0 0 1
1 711601 0
18 0 0
0 0 1
1 652139 0
19 0 0
0 0 1
1 600488 0
20 0 0
0 0 1
1 555145 0
21 0 0
0 0 1
1 515999 0
22 0 0
0 0 1
1 481562 0
23 0 0
0 0 1
1 449876 0
24 0 0
0 0 1
1 422154 0
25 0 0
0 0 1
1 401652 0
26 0 0
0 0 1
1 388459 0
27 0 0
0 0 1
1 379073 0
28 0 0
0 0 1
1 371739 0
29 0 0
0 0 1
1 368362 0
30 0 0
0 0 1
1 369838 0
-1 0 0
