91
1 0 0
0 0 1
1 8.69669e+06 0
2 0 0
0 0 1
1 7.45796e+06 0
3 0 0
0 0 1
1 6.19617e+06 0
4 0 0
0 0 1
1 5.05155e+06 0
5 0 0
0 0 1
1 4.08648e+06 0
6 0 0
0 0 1
1 3.3151e+06 0
7 0 0
0 0 1
1 2.71807e+06 0
8 0 0
0 0 1
1 2.25453e+06 0
9 0 0
0 0 1
1 1.88495e+06 0
10 0 0
0 0 1
1 1.5861e+06 0
11 0 0
0 0 1
1 1.34429e+06 0
12 0 0
0 0 1
1 1.14513e+06 0
13 0 0
0 0 1
1 976741 0
14 0 0
0 0 1
1 835082 0
15 0 0
0 0 1
1 718762 0
16 0 0
0 0 1
1 623125 0
17 0 0
0 0 1
1 543762 0
18 0 0
0 0 1
1 480191 0
19 0 0
0 0 1
1 431246 0
20 0 0
0 0 1
1 391591 0
21 0 0
0 0 1
1 357047 0
22 0 0
0 0 1
1 328781 0
23 0 0
0 0 1
1 308281 0
24 0 0
0 0 1
1 292671 0
25 0 0
0 0 1
1 279097 0
26 0 0
0 0 1
1 269569 0
27 0 0
0 0 1
1 267412 0
28 0 0
0 0 1
1 272585 0
29 0 0
0 0 1
1 284062 0
30 0 0
0 0 1
1 302732 0
-1 0 0
