91
1 0 0
0 0 1
1 6.43288e+06 0
2 0 0
0 0 1
1 5.79913e+06 0
3 0 0
0 0 1
1 5.12267e+06 0
4 0 0
0 0 1
1 4.43899e+06 0
5 0 0
0 0 1
1 3.80328e+06 0
6 0 0
0 0 1
1 3.23759e+06 0
7 0 0
0 0 1
1 2.72867e+06 0
8 0 0
0 0 1
1 2.27051e+06 0
9 0 0
0 0 1
1 1.87638e+06 0
10 0 0
0 0 1
1 1.55223e+06 0
11 0 0
0 0 1
1 1.28681e+06 0
12 0 0
0 0 1
1 1.06999e+06 0
13 0 0
0 0 1
1 899347 0
14 0 0
0 0 1
1 766779 0
15 0 0
0 0 1
1 656852 0
16 0 0
0 0 1
1 561885 0
17 0 0
0 0 1
1 484845 0
18 0 0
0 0 1
1 425504 0
19 0 0
0 0 1
1 376323 0
20 0 0
0 0 1
1 333570 0
21 0 0
0 0 1
1 300505 0
22 0 0
0 0 1
1 277350 0
23 0 0
0 0 1
1 258556 0
24 0 0
0 0 1
1 242310 0
25 0 0
0 0 1
1 233345 0
26 0 0
0 0 1
1 233801 0
27 0 0
0 0 1
1 239199 0
28 0 0
0 0 1
1 245414 0
29 0 0
0 0 1
1 252452 0
30 0 0
0 0 1
1 259782 0
-1 0 0
