91
1 0 0
0 0 1
1 7.35862e+06 0
2 0 0
0 0 1
1 6.76528e+06 0
3 0 0
0 0 1
1 6.01857e+06 0
4 0 0
0 0 1
1 5.12955e+06 0
5 0 0
0 0 1
1 4.22744e+06 0
6 0 0
0 0 1
1 3.44386e+06 0
7 0 0
0 0 1
1 2.82279e+06 0
8 0 0
0 0 1
1 2.34088e+06 0
9 0 0
0 0 1
1 1.9677e+06 0
10 0 0
0 0 1
1 1.68273e+06 0
11 0 0
0 0 1
1 1.46266e+06 0
12 0 0
0 0 1
1 1.28418e+06 0
13 0 0
0 0 1
1 1.1363e+06 0
14 0 0
0 0 1
1 1.01576e+06 0
15 0 0
0 0 1
1 915303 0
16 0 0
0 0 1
1 826395 0
17 0 0
0 0 1
1 747726 0
18 0 0
0 0 1
1 681702 0
19 0 0
0 0 1
1 626449 0
20 0 0
0 0 1
1 578332 0
21 0 0
0 0 1
1 537925 0
22 0 0
0 0 1
1 506771 0
23 0 0
0 0 1
1 482090 0
24 0 0
0 0 1
1 460628 0
25 0 0
0 0 1
1 444157 0
26 0 0
0 0 1
1 435632 0
27 0 0
0 0 1
1 433256 0
28 0 0
0 0 1
1 433441 0
29 0 0
0 0 1
1 436524 0
30 0 0
0 0 1
1 444544 0
-1 0 0
