91
1 0 0
0 0 1
1 6.76152e+06 0
2 0 0
0 0 1
1 5.7099e+06 0
3 0 0
0 0 1
1 4.61643e+06 0
4 0 0
0 0 1
1 3.6612e+06 0
5 0 0
0 0 1
1 2.92081e+06 0
6 0 0
0 0 1
1 2.3674e+06 0
7 0 0
0 0 1
1 1.94714e+06 0
8 0 0
0 0 1
1 1.62999e+06 0
9 0 0
0 0 1
1 1.3952e+06 0
10 0 0
0 0 1
1 1.2135e+06 0
11 0 0
0 0 1
1 1.06182e+06 0
12 0 0
0 0 1
1 935498 0
13 0 0
0 0 1
1 833798 0
14 0 0
0 0 1
1 747344 0
15 0 0
0 0 1
1 668259 0
16 0 0
0 0 1
1 599451 0
17 0 0
0 0 1
1 544749 0
18 0 0
0 0 1
1 499570 0
19 0 0
0 0 1
1 458597 0
20 0 0
0 0 1
1 423806 0
21 0 0
0 0 1
1 397965 0
22 0 0
0 0 1
1 377759 0
23 0 0
0 0 1
1 359768 0
24 0 0
0 0 1
1 346597 0
25 0 0
0 0 1
1 341117 0
26 0 0
0 0 1
1 340316 0
27 0 0
0 0 1
1 340272 0
28 0 0
0 0 1
1 342091 0
29 0 0
0 0 1
1 347888 0
30 0 0
0 0 1
1 355437 0
-1 0 0
