91
1 0 0
0 0 1
1 7.20988e+06 0
2 0 0
0 0 1
1 6.14139e+06 0
3 0 0
0 0 1
1 5.01221e+06 0
4 0 0
0 0 1
1 3.96032e+06 0
5 0 0
0 0 1
1 3.09683e+06 0
6 0 0
0 0 1
1 2.45064e+06 0
7 0 0
0 0 1
1 1.97756e+06 0
8 0 0
0 0 1
1 1.62378e+06 0
9 0 0
0 0 1
1 1.35917e+06 0
10 0 0
0 0 1
1 1.16145e+06 0
11 0 0
0 0 1
1 1.00447e+06 0
12 0 0
0 0 1
1 871794 0
13 0 0
0 0 1
1 762018 0
14 0 0
0 0 1
1 673565 0
15 0 0
0 0 1
1 597823 0
16 0 0
0 0 1
1 530127 0
17 0 0
0 0 1
1 473679 0
18 0 0
0 0 1
1 428713 0
19 0 0
0 0 1
1 389054 0
20 0 0
0 0 1
1 352210 0
21 0 0
0 0 1
1 322317 0
22 0 0
0 0 1
1 300499 0
23 0 0
0 0 1
1 281944 0
24 0 0
0 0 1
1 264810 0
25 0 0
0 0 1
1 252830 0
26 0 0
0 0 1
1 246865 0
27 0 0
0 0 1
1 242675 0
28 0 0
0 0 1
1 239395 0
29 0 0
0 0 1
1 241926 0
30 0 0
0 0 1
1 252536 0
-1 0 0
