91
1 0 0
0 0 1
1 1.50484e+07 0
2 0 0
0 0 1
1 1.32955e+07 0
3 0 0
0 0 1
1 1.12738e+07 0
4 0 0
0 0 1
1 9.2492e+06 0
5 0 0
0 0 1
1 7.43588e+06 0
6 0 0
0 0 1
1 5.93891e+06 0
7 0 0
0 0 1
1 4.75726e+06 0
8 0 0
0 0 1
1 3.84308e+06 0
9 0 0
0 0 1
1 3.1447e+06 0
10 0 0
0 0 1
1 2.60952e+06 0
11 0 0
0 0 1
1 2.1858e+06 0
12 0 0
0 0 1
1 1.83962e+06 0
13 0 0
0 0 1
1 1.55832e+06 0
14 0 0
0 0 1
1 1.33264e+06 0
15 0 0
0 0 1
1 1.14695e+06 0
16 0 0
0 0 1
1 989530 0
17 0 0
0 0 1
1 859259 0
18 0 0
0 0 1
1 756288 0
19 0 0
0 0 1
1 674482 0
20 0 0
0 0 1
1 607055 0
21 0 0
0 0 1
1 551751 0
22 0 0
0 0 1
1 506619 0
23 0 0
0 0 1
1 467511 0
24 0 0
0 0 1
1 433557 0
25 0 0
0 0 1
1 409446 0
26 0 0
0 0 1
1 398484 0
27 0 0
0 0 1
1 397617 0
28 0 0
0 0 1
1 402392 0
29 0 0
0 0 1
1 413463 0
30 0 0
0 0 1
1 435310 0
-1 0 0
