91
1 0 0
0 0 1
1 5.73615e+06 0
2 0 0
0 0 1
1 5.18068e+06 0
3 0 0
0 0 1
1 4.57478e+06 0
4 0 0
0 0 1
1 3.96942e+06 0
5 0 0
0 0 1
1 3.40795e+06 0
6 0 0
0 0 1
1 2.91207e+06 0
7 0 0
0 0 1
1 2.48503e+06 0
8 0 0
0 0 1
1 2.12355e+06 0
9 0 0
0 0 1
1 1.82188e+06 0
10 0 0
0 0 1
1 1.57047e+06 0
11 0 0
0 0 1
1 1.35891e+06 0
12 0 0
0 0 1
1 1.18067e+06 0
13 0 0
0 0 1
1 1.03192e+06 0
14 0 0
0 0 1
1 907866 0
15 0 0
0 0 1
1 803725 0
16 0 0
0 0 1
1 717155 0
17 0 0
0 0 1
1 646139 0
18 0 0
0 0 1
1 586014 0
19 0 0
0 0 1
1 532159 0
20 0 0
0 0 1
1 484333 0
21 0 0
0 0 1
1 444878 0
22 0 0
0 0 1
1 413615 0
23 0 0
0 0 1
1 387928 0
24 0 0
0 0 1
1 367090 0
25 0 0
0 0 1
1 352661 0
26 0 0
0 0 1
1 344459 0
27 0 0
0 0 1
1 339525 0
28 0 0
0 0 1
1 335922 0
29 0 0
0 0 1
1 334894 0
30 0 0
0 0 1
1 338155 0
-1 0 0
