91
1 0 0
0 0 1
1 8.57236e+06 0
2 0 0
0 0 1
1 7.36543e+06 0
3 0 0
0 0 1
1 6.14567e+06 0
4 0 0
0 0 1
1 5.0285e+06 0
5 0 0
0 0 1
1 4.07122e+06 0
6 0 0
0 0 1
1 3.29455e+06 0
7 0 0
0 0 1
1 2.68365e+06 0
8 0 0
0 0 1
1 2.2033e+06 0
9 0 0
0 0 1
1 1.82389e+06 0
10 0 0
0 0 1
1 1.52693e+06 0
11 0 0
0 0 1
1 1.2931e+06 0
12 0 0
0 0 1
1 1.10168e+06 0
13 0 0
0 0 1
1 941742 0
14 0 0
0 0 1
1 811778 0
15 0 0
0 0 1
1 707878 0
16 0 0
0 0 1
1 621349 0
17 0 0
0 0 1
1 547479 0
18 0 0
0 0 1
1 487339 0
19 0 0
0 0 1
1 440007 0
20 0 0
0 0 1
1 400487 0
21 0 0
0 0 1
1 366086 0
22 0 0
0 0 1
1 338227 0
23 0 0
0 0 1
1 317028 0
24 0 0
0 0 1
1 299942 0
25 0 0
0 0 1
1 286744 0
26 0 0
0 0 1
1 280652 0
27 0 0
0 0 1
1 283225 0
28 0 0
0 0 1
1 292229 0
29 0 0
0 0 1
1 305296 0
30 0 0
0 0 1
1 321772 0
-1 0 0
