91
1 0 0
0 0 1
1 7.0403e+06 0
2 0 0
0 0 1
1 6.2378e+06 0
3 0 0
0 0 1
1 5.48126e+06 0
4 0 0
0 0 1
1 4.79023e+06 0
5 0 0
0 0 1
1 4.1532e+06 0
6 0 0
0 0 1
1 3.56941e+06 0
7 0 0
0 0 1
1 3.04671e+06 0
8 0 0
0 0 1
1 2.5877e+06 0
9 0 0
0 0 1
1 2.1898e+06 0
10 0 0
0 0 1
1 1.85065e+06 0
11 0 0
0 0 1
1 1.56687e+06 0
12 0 0
0 0 1
1 1.33201e+06 0
13 0 0
0 0 1
1 1.13954e+06 0
14 0 0
0 0 1
1 984859 0
15 0 0
0 0 1
1 862121 0
16 0 0
0 0 1
1 762550 0
17 0 0
0 0 1
1 678436 0
18 0 0
0 0 1
1 606914 0
19 0 0
0 0 1
1 547923 0
20 0 0
0 0 1
1 500135 0
21 0 0
0 0 1
1 460558 0
22 0 0
0 0 1
1 426882 0
23 0 0
0 0 1
1 398589 0
24 0 0
0 0 1
1 376181 0
25 0 0
0 0 1
1 360110 0
26 0 0
0 0 1
1 350161 0
27 0 0
0 0 1
1 345556 0
28 0 0
0 0 1
1 345860 0
29 0 0
0 0 1
1 351358 0
30 0 0
0 0 1
1 361707 0
-1 0 0
