91
1 0 0
0 0 1
1 1.74164e+07 0
2 0 0
0 0 1
1 1.51563e+07 0
3 0 0
0 0 1
1 1.27242e+07 0
4 0 0
0 0 1
1 1.04523e+07 0
5 0 0
0 0 1
1 8.5595e+06 0
6 0 0
0 0 1
1 7.06877e+06 0
7 0 0
0 0 1
1 5.89411e+06 0
8 0 0
0 0 1
1 4.96298e+06 0
9 0 0
0 0 1
1 4.23223e+06 0
10 0 0
0 0 1
1 3.64786e+06 0
11 0 0
0 0 1
1 3.15318e+06 0
12 0 0
0 0 1
1 2.72419e+06 0
13 0 0
0 0 1
1 2.36098e+06 0
14 0 0
0 0 1
1 2.05476e+06 0
15 0 0
0 0 1
1 1.7894e+06 0
16 0 0
0 0 1
1 1.56302e+06 0
17 0 0
0 0 1
1 1.38136e+06 0
18 0 0
0 0 1
1 1.23618e+06 0
19 0 0
0 0 1
1 1.11116e+06 0
20 0 0
0 0 1
1 1.00288e+06 0
21 0 0
0 0 1
1 916975 0
22 0 0
0 0 1
1 849246 0
23 0 0
0 0 1
1 788131 0
24 0 0
0 0 1
1 732306 0
25 0 0
0 0 1
1 689681 0
26 0 0
0 0 1
1 661568 0
27 0 0
0 0 1
1 642464 0
28 0 0
0 0 1
1 634213 0
29 0 0
0 0 1
1 646840 0
30 0 0
0 0 1
1 683917 0
-1 0 0
