91
1 0 0
0 0 1
1 4.01256e+06 0
2 0 0
0 0 1
1 3.47305e+06 0
3 0 0
0 0 1
1 2.86196e+06 0
4 0 0
0 0 1
1 2.28214e+06 0
5 0 0
0 0 1
1 1.79472e+06 0
6 0 0
0 0 1
1 1.41675e+06 0
7 0 0
0 0 1
1 1.13595e+06 0
8 0 0
0 0 1
1 929858 0
9 0 0
0 0 1
1 777945 0
10 0 0
0 0 1
1 663966 0
11 0 0
0 0 1
1 574871 0
12 0 0
0 0 1
1 501699 0
13 0 0
0 0 1
1 440234 0
14 0 0
0 0 1
1 388543 0
15 0 0
0 0 1
1 344370 0
16 0 0
0 0 1
1 305797 0
17 0 0
0 0 1
1 272730 0
18 0 0
0 0 1
1 245627 0
19 0 0
0 0 1
1 223543 0
20 0 0
0 0 1
1 204868 0
21 0 0
0 0 1
1 189137 0
22 0 0
0 0 1
1 176494 0
23 0 0
0 0 1
1 166109 0
24 0 0
0 0 1
1 156747 0
25 0 0
0 0 1
1 148437 0
26 0 0
0 0 1
1 142155 0
27 0 0
0 0 1
1 138258 0
28 0 0
0 0 1
1 136498 0
29 0 0
0 0 1
1 137063 0
30 0 0
0 0 1
1 140267 0
-1 0 0
