91
1 0 0
0 0 1
1 7.08591e+06 0
2 0 0
0 0 1
1 6.25457e+06 0
3 0 0
0 0 1
1 5.3269e+06 0
4 0 0
0 0 1
1 4.36609e+06 0
5 0 0
0 0 1
1 3.47613e+06 0
6 0 0
0 0 1
1 2.75069e+06 0
7 0 0
0 0 1
1 2.21077e+06 0
8 0 0
0 0 1
1 1.81287e+06 0
9 0 0
0 0 1
1 1.50918e+06 0
10 0 0
0 0 1
1 1.27808e+06 0
11 0 0
0 0 1
1 1.10528e+06 0
12 0 0
0 0 1
1 968235 0
13 0 0
0 0 1
1 849904 0
14 0 0
0 0 1
1 749212 0
15 0 0
0 0 1
1 667859 0
16 0 0
0 0 1
1 599054 0
17 0 0
0 0 1
1 536286 0
18 0 0
0 0 1
1 481818 0
19 0 0
0 0 1
1 438866 0
20 0 0
0 0 1
1 403904 0
21 0 0
0 0 1
1 372920 0
22 0 0
0 0 1
1 347534 0
23 0 0
0 0 1
1 329197 0
24 0 0
0 0 1
1 314325 0
25 0 0
0 0 1
1 300667 0
26 0 0
0 0 1
1 292274 0
27 0 0
0 0 1
1 292872 0
28 0 0
0 0 1
1 299690 0
29 0 0
0 0 1
1 308489 0
30 0 0
0 0 1
1 319340 0
-1 0 0
