91
1 0 0
0 0 1
1 1.10645e+07 0
2 0 0
0 0 1
1 9.52172e+06 0
3 0 0
0 0 1
1 8.01704e+06 0
4 0 0
0 0 1
1 6.66293e+06 0
5 0 0
0 0 1
1 5.43636e+06 0
6 0 0
0 0 1
1 4.35239e+06 0
7 0 0
0 0 1
1 3.469e+06 0
8 0 0
0 0 1
1 2.79839e+06 0
9 0 0
0 0 1
1 2.29572e+06 0
10 0 0
0 0 1
1 1.91565e+06 0
11 0 0
0 0 1
1 1.63128e+06 0
12 0 0
0 0 1
1 1.4127e+06 0
13 0 0
0 0 1
1 1.22943e+06 0
14 0 0
0 0 1
1 1.07206e+06 0
15 0 0
0 0 1
1 945211 0
16 0 0
0 0 1
1 843376 0
17 0 0
0 0 1
1 753542 0
18 0 0
0 0 1
1 674435 0
19 0 0
0 0 1
1 613119 0
20 0 0
0 0 1
1 567185 0
21 0 0
0 0 1
1 527047 0
22 0 0
0 0 1
1 491375 0
23 0 0
0 0 1
1 465230 0
24 0 0
0 0 1
1 447127 0
25 0 0
0 0 1
1 431737 0
26 0 0
0 0 1
1 421529 0
27 0 0
0 0 1
1 422779 0
28 0 0
0 0 1
1 433003 0
29 0 0
0 0 1
1 443717 0
30 0 0
0 0 1
1 452442 0
-1 0 0
