91
1 0 0
0 0 1
1 1.22124e+07 0
2 0 0
0 0 1
1 1.07974e+07 0
3 0 0
0 0 1
1 9.19893e+06 0
4 0 0
0 0 1
1 7.5762e+06 0
5 0 0
0 0 1
1 6.12885e+06 0
6 0 0
0 0 1
1 4.96113e+06 0
7 0 0
0 0 1
1 4.05422e+06 0
8 0 0
0 0 1
1 3.34913e+06 0
9 0 0
0 0 1
1 2.80638e+06 0
10 0 0
0 0 1
1 2.3927e+06 0
11 0 0
0 0 1
1 2.06462e+06 0
12 0 0
0 0 1
1 1.78895e+06 0
13 0 0
0 0 1
1 1.55713e+06 0
14 0 0
0 0 1
1 1.36769e+06 0
15 0 0
0 0 1
1 1.21079e+06 0
16 0 0
0 0 1
1 1.07686e+06 0
17 0 0
0 0 1
1 964035 0
18 0 0
0 0 1
1 869783 0
19 0 0
0 0 1
1 787240 0
20 0 0
0 0 1
1 714591 0
21 0 0
0 0 1
1 656166 0
22 0 0
0 0 1
1 610593 0
23 0 0
0 0 1
1 569432 0
24 0 0
0 0 1
1 530850 0
25 0 0
0 0 1
1 503029 0
26 0 0
0 0 1
1 490090 0
27 0 0
0 0 1
1 485553 0
28 0 0
0 0 1
1 483861 0
29 0 0
0 0 1
1 488045 0
30 0 0
0 0 1
1 501208 0
-1 0 0
