91
1 0 0
0 0 1
1 1.59728e+07 0
2 0 0
0 0 1
1 1.39457e+07 0
3 0 0
0 0 1
1 1.15426e+07 0
4 0 0
0 0 1
1 9.2699e+06 0
5 0 0
0 0 1
1 7.40169e+06 0
6 0 0
0 0 1
1 5.92077e+06 0
7 0 0
0 0 1
1 4.73707e+06 0
8 0 0
0 0 1
1 3.82382e+06 0
9 0 0
0 0 1
1 3.15185e+06 0
10 0 0
0 0 1
1 2.63741e+06 0
11 0 0
0 0 1
1 2.21255e+06 0
12 0 0
0 0 1
1 1.87271e+06 0
13 0 0
0 0 1
1 1.61866e+06 0
14 0 0
0 0 1
1 1.41318e+06 0
15 0 0
0 0 1
1 1.22674e+06 0
16 0 0
0 0 1
1 1.07222e+06 0
17 0 0
0 0 1
1 962369 0
18 0 0
0 0 1
1 875301 0
19 0 0
0 0 1
1 789973 0
20 0 0
0 0 1
1 717778 0
21 0 0
0 0 1
1 671967 0
22 0 0
0 0 1
1 638067 0
23 0 0
0 0 1
1 599693 0
24 0 0
0 0 1
1 565699 0
25 0 0
0 0 1
1 548504 0
26 0 0
0 0 1
1 540039 0
27 0 0
0 0 1
1 530846 0
28 0 0
0 0 1
1 531254 0
29 0 0
0 0 1
1 553118 0
30 0 0
0 0 1
1 588847 0
-1 0 0
