91
1 0 0
0 0 1
1 8.18584e+06 0
2 0 0
0 0 1
1 7.02713e+06 0
3 0 0
0 0 1
1 5.66007e+06 0
4 0 0
0 0 1
1 4.39478e+06 0
5 0 0
0 0 1
1 3.373e+06 0
6 0 0
0 0 1
1 2.60242e+06 0
7 0 0
0 0 1
1 2.04864e+06 0
8 0 0
0 0 1
1 1.6684e+06 0
9 0 0
0 0 1
1 1.40552e+06 0
10 0 0
0 0 1
1 1.2086e+06 0
11 0 0
0 0 1
1 1.05396e+06 0
12 0 0
0 0 1
1 935023 0
13 0 0
0 0 1
1 839331 0
14 0 0
0 0 1
1 751790 0
15 0 0
0 0 1
1 670411 0
16 0 0
0 0 1
1 601643 0
17 0 0
0 0 1
1 545087 0
18 0 0
0 0 1
1 495263 0
19 0 0
0 0 1
1 452708 0
20 0 0
0 0 1
1 420977 0
21 0 0
0 0 1
1 396626 0
22 0 0
0 0 1
1 372963 0
23 0 0
0 0 1
1 350564 0
24 0 0
0 0 1
1 334718 0
25 0 0
0 0 1
1 325357 0
26 0 0
0 0 1
1 318025 0
27 0 0
0 0 1
1 312161 0
28 0 0
0 0 1
1 310477 0
29 0 0
0 0 1
1 312429 0
30 0 0
0 0 1
1 315682 0
-1 0 0
