91
1 0 0
0 0 1
1 6.58056e+06 0
2 0 0
0 0 1
1 5.5635e+06 0
3 0 0
0 0 1
1 4.60819e+06 0
4 0 0
0 0 1
1 3.79765e+06 0
5 0 0
0 0 1
1 3.12507e+06 0
6 0 0
0 0 1
1 2.56592e+06 0
7 0 0
0 0 1
1 2.1105e+06 0
8 0 0
0 0 1
1 1.74692e+06 0
9 0 0
0 0 1
1 1.4532e+06 0
10 0 0
0 0 1
1 1.21313e+06 0
11 0 0
0 0 1
1 1.02149e+06 0
12 0 0
0 0 1
1 871403 0
13 0 0
0 0 1
1 750452 0
14 0 0
0 0 1
1 650602 0
15 0 0
0 0 1
1 570325 0
16 0 0
0 0 1
1 506020 0
17 0 0
0 0 1
1 451045 0
18 0 0
0 0 1
1 403529 0
19 0 0
0 0 1
1 366185 0
20 0 0
0 0 1
1 337890 0
21 0 0
0 0 1
1 313267 0
22 0 0
0 0 1
1 290800 0
23 0 0
0 0 1
1 273896 0
24 0 0
0 0 1
1 263461 0
25 0 0
0 0 1
1 256283 0
26 0 0
0 0 1
1 251580 0
27 0 0
0 0 1
1 253023 0
28 0 0
0 0 1
1 263076 0
29 0 0
0 0 1
1 279900 0
30 0 0
0 0 1
1 299956 0
-1 0 0
