91
1 0 0
0 0 1
1 5.3154e+06 0
2 0 0
0 0 1
1 4.52183e+06 0
3 0 0
0 0 1
1 3.78174e+06 0
4 0 0
0 0 1
1 3.10908e+06 0
5 0 0
0 0 1
1 2.51546e+06 0
6 0 0
0 0 1
1 2.03171e+06 0
7 0 0
0 0 1
1 1.66954e+06 0
8 0 0
0 0 1
1 1.40425e+06 0
9 0 0
0 0 1
1 1.20312e+06 0
10 0 0
0 0 1
1 1.04879e+06 0
11 0 0
0 0 1
1 930858 0
12 0 0
0 0 1
1 835211 0
13 0 0
0 0 1
1 751917 0
14 0 0
0 0 1
1 681430 0
15 0 0
0 0 1
1 625066 0
16 0 0
0 0 1
1 577540 0
17 0 0
0 0 1
1 533974 0
18 0 0
0 0 1
1 496180 0
19 0 0
0 0 1
1 466717 0
20 0 0
0 0 1
1 443093 0
21 0 0
0 0 1
1 422237 0
22 0 0
0 0 1
1 405157 0
23 0 0
0 0 1
1 393238 0
24 0 0
0 0 1
1 384734 0
25 0 0
0 0 1
1 378192 0
26 0 0
0 0 1
1 374779 0
27 0 0
0 0 1
1 374301 0
28 0 0
0 0 1
1 373225 0
29 0 0
0 0 1
1 369568 0
30 0 0
0 0 1
1 365970 0
-1 0 0
