91
1 0 0
0 0 1
1 1.18288e+07 0
2 0 0
0 0 1
1 1.04155e+07 0
3 0 0
0 0 1
1 8.95915e+06 0
4 0 0
0 0 1
1 7.48044e+06 0
5 0 0
0 0 1
1 6.07667e+06 0
6 0 0
0 0 1
1 4.87599e+06 0
7 0 0
0 0 1
1 3.92844e+06 0
8 0 0
0 0 1
1 3.19754e+06 0
9 0 0
0 0 1
1 2.6326e+06 0
10 0 0
0 0 1
1 2.20241e+06 0
11 0 0
0 0 1
1 1.87508e+06 0
12 0 0
0 0 1
1 1.61362e+06 0
13 0 0
0 0 1
1 1.3978e+06 0
14 0 0
0 0 1
1 1.22425e+06 0
15 0 0
0 0 1
1 1.08399e+06 0
16 0 0
0 0 1
1 960824 0
17 0 0
0 0 1
1 850504 0
18 0 0
0 0 1
1 761411 0
19 0 0
0 0 1
1 695218 0
20 0 0
0 0 1
1 642577 0
21 0 0
0 0 1
1 597701 0
22 0 0
0 0 1
1 562478 0
23 0 0
0 0 1
1 536147 0
24 0 0
0 0 1
1 514262 0
25 0 0
0 0 1
1 498164 0
26 0 0
0 0 1
1 493460 0
27 0 0
0 0 1
1 498919 0
28 0 0
0 0 1
1 507528 0
29 0 0
0 0 1
1 517891 0
30 0 0
0 0 1
1 533752 0
-1 0 0
