91
1 0 0
0 0 1
1 6.19715e+06 0
2 0 0
0 0 1
1 5.46536e+06 0
3 0 0
0 0 1
1 4.60662e+06 0
4 0 0
0 0 1
1 3.73679e+06 0
5 0 0
0 0 1
1 2.97912e+06 0
6 0 0
0 0 1
1 2.3819e+06 0
7 0 0
0 0 1
1 1.92457e+06 0
8 0 0
0 0 1
1 1.57371e+06 0
9 0 0
0 0 1
1 1.30774e+06 0
10 0 0
0 0 1
1 1.10545e+06 0
11 0 0
0 0 1
1 943425 0
12 0 0
0 0 1
1 808556 0
13 0 0
0 0 1
1 698102 0
14 0 0
0 0 1
1 606966 0
15 0 0
0 0 1
1 526501 0
16 0 0
0 0 1
1 454538 0
17 0 0
0 0 1
1 395196 0
18 0 0
0 0 1
1 348325 0
19 0 0
0 0 1
1 308158 0
20 0 0
0 0 1
1 272356 0
21 0 0
0 0 1
1 243978 0
22 0 0
0 0 1
1 223964 0
23 0 0
0 0 1
1 208914 0
24 0 0
0 0 1
1 196947 0
25 0 0
0 0 1
1 189417 0
26 0 0
0 0 1
1 186225 0
27 0 0
0 0 1
1 185090 0
28 0 0
0 0 1
1 185987 0
29 0 0
0 0 1
1 191158 0
30 0 0
0 0 1
1 200218 0
-1 0 0
