91
1 0 0
0 0 1
1 5.99595e+06 0
2 0 0
0 0 1
1 5.27808e+06 0
3 0 0
0 0 1
1 4.61107e+06 0
4 0 0
0 0 1
1 3.99453e+06 0
5 0 0
0 0 1
1 3.41114e+06 0
6 0 0
0 0 1
1 2.87374e+06 0
7 0 0
0 0 1
1 2.40461e+06 0
8 0 0
0 0 1
1 2.00686e+06 0
9 0 0
0 0 1
1 1.67296e+06 0
10 0 0
0 0 1
1 1.4015e+06 0
11 0 0
0 0 1
1 1.19026e+06 0
12 0 0
0 0 1
1 1.02528e+06 0
13 0 0
0 0 1
1 889900 0
14 0 0
0 0 1
1 777550 0
15 0 0
0 0 1
1 687284 0
16 0 0
0 0 1
1 614067 0
17 0 0
0 0 1
1 551858 0
18 0 0
0 0 1
1 500290 0
19 0 0
0 0 1
1 460507 0
20 0 0
0 0 1
1 428771 0
21 0 0
0 0 1
1 400521 0
22 0 0
0 0 1
1 376519 0
23 0 0
0 0 1
1 359056 0
24 0 0
0 0 1
1 345853 0
25 0 0
0 0 1
1 333486 0
26 0 0
0 0 1
1 323759 0
27 0 0
0 0 1
1 321103 0
28 0 0
0 0 1
1 325762 0
29 0 0
0 0 1
1 334226 0
30 0 0
0 0 1
1 344404 0
-1 0 0
