91
1 0 0
0 0 1
1 1.47931e+07 0
2 0 0
0 0 1
1 1.28392e+07 0
3 0 0
0 0 1
1 1.08241e+07 0
4 0 0
0 0 1
1 8.92602e+06 0
5 0 0
0 0 1
1 7.26981e+06 0
6 0 0
0 0 1
1 5.91433e+06 0
7 0 0
0 0 1
1 4.83226e+06 0
8 0 0
0 0 1
1 3.96156e+06 0
9 0 0
0 0 1
1 3.26442e+06 0
10 0 0
0 0 1
1 2.71792e+06 0
11 0 0
0 0 1
1 2.28248e+06 0
12 0 0
0 0 1
1 1.91726e+06 0
13 0 0
0 0 1
1 1.61062e+06 0
14 0 0
0 0 1
1 1.36675e+06 0
15 0 0
0 0 1
1 1.17432e+06 0
16 0 0
0 0 1
1 1.01252e+06 0
17 0 0
0 0 1
1 876377 0
18 0 0
0 0 1
1 771853 0
19 0 0
0 0 1
1 693021 0
20 0 0
0 0 1
1 625364 0
21 0 0
0 0 1
1 566108 0
22 0 0
0 0 1
1 522015 0
23 0 0
0 0 1
1 490894 0
24 0 0
0 0 1
1 462753 0
25 0 0
0 0 1
1 436754 0
26 0 0
0 0 1
1 421239 0
27 0 0
0 0 1
1 418308 0
28 0 0
0 0 1
1 422434 0
29 0 0
0 0 1
1 433774 0
30 0 0
0 0 1
1 459962 0
-1 0 0
