91
1 0 0
0 0 1
1 1.55653e+07 0
2 0 0
0 0 1
1 1.31261e+07 0
3 0 0
0 0 1
1 1.04393e+07 0
4 0 0
0 0 1
1 8.13531e+06 0
5 0 0
0 0 1
1 6.42782e+06 0
6 0 0
0 0 1
1 5.18557e+06 0
7 0 0
0 0 1
1 4.24406e+06 0
8 0 0
0 0 1
1 3.54174e+06 0
9 0 0
0 0 1
1 3.03544e+06 0
10 0 0
0 0 1
1 2.64513e+06 0
11 0 0
0 0 1
1 2.31353e+06 0
12 0 0
0 0 1
1 2.0384e+06 0
13 0 0
0 0 1
1 1.81999e+06 0
14 0 0
0 0 1
1 1.63068e+06 0
15 0 0
0 0 1
1 1.45317e+06 0
16 0 0
0 0 1
1 1.30088e+06 0
17 0 0
0 0 1
1 1.18216e+06 0
18 0 0
0 0 1
1 1.08122e+06 0
19 0 0
0 0 1
1 988175 0
20 0 0
0 0 1
1 914240 0
21 0 0
0 0 1
1 863671 0
22 0 0
0 0 1
1 820160 0
23 0 0
0 0 1
1 773903 0
24 0 0
0 0 1
1 735947 0
25 0 0
0 0 1
1 713963 0
26 0 0
0 0 1
1 697954 0
27 0 0
0 0 1
1 681510 0
28 0 0
0 0 1
1 674933 0
29 0 0
0 0 1
1 685467 0
30 0 0
0 0 1
1 704102 0
-1 0 0
