91
1 0 0
0 0 1
1 5.52966e+06 0
2 0 0
0 0 1
1 4.86027e+06 0
3 0 0
0 0 1
1 4.14827e+06 0
4 0 0
0 0 1
1 3.47215e+06 0
5 0 0
0 0 1
1 2.87964e+06 0
6 0 0
0 0 1
1 2.38718e+06 0
7 0 0
0 0 1
1 1.99078e+06 0
8 0 0
0 0 1
1 1.67689e+06 0
9 0 0
0 0 1
1 1.42912e+06 0
10 0 0
0 0 1
1 1.23179e+06 0
11 0 0
0 0 1
1 1.07144e+06 0
12 0 0
0 0 1
1 937748 0
13 0 0
0 0 1
1 824108 0
14 0 0
0 0 1
1 727455 0
15 0 0
0 0 1
1 646156 0
16 0 0
0 0 1
1 577685 0
17 0 0
0 0 1
1 518696 0
18 0 0
0 0 1
1 467117 0
19 0 0
0 0 1
1 423030 0
20 0 0
0 0 1
1 386946 0
21 0 0
0 0 1
1 357874 0
22 0 0
0 0 1
1 333620 0
23 0 0
0 0 1
1 312613 0
24 0 0
0 0 1
1 294872 0
25 0 0
0 0 1
1 281199 0
26 0 0
0 0 1
1 271653 0
27 0 0
0 0 1
1 264985 0
28 0 0
0 0 1
1 259767 0
29 0 0
0 0 1
1 256022 0
30 0 0
0 0 1
1 255127 0
-1 0 0
