91
1 0 0
0 0 1
1 1.43597e+07 0
2 0 0
0 0 1
1 1.23694e+07 0
3 0 0
0 0 1
1 1.03262e+07 0
4 0 0
0 0 1
1 8.47004e+06 0
5 0 0
0 0 1
1 6.91339e+06 0
6 0 0
0 0 1
1 5.65408e+06 0
7 0 0
0 0 1
1 4.65411e+06 0
8 0 0
0 0 1
1 3.87358e+06 0
9 0 0
0 0 1
1 3.26103e+06 0
10 0 0
0 0 1
1 2.76221e+06 0
11 0 0
0 0 1
1 2.34516e+06 0
12 0 0
0 0 1
1 1.99867e+06 0
13 0 0
0 0 1
1 1.71142e+06 0
14 0 0
0 0 1
1 1.46952e+06 0
15 0 0
0 0 1
1 1.26823e+06 0
16 0 0
0 0 1
1 1.10814e+06 0
17 0 0
0 0 1
1 981809 0
18 0 0
0 0 1
1 876840 0
19 0 0
0 0 1
1 788846 0
20 0 0
0 0 1
1 719881 0
21 0 0
0 0 1
1 667336 0
22 0 0
0 0 1
1 624693 0
23 0 0
0 0 1
1 590020 0
24 0 0
0 0 1
1 564455 0
25 0 0
0 0 1
1 545722 0
26 0 0
0 0 1
1 531870 0
27 0 0
0 0 1
1 528024 0
28 0 0
0 0 1
1 540861 0
29 0 0
0 0 1
1 568785 0
30 0 0
0 0 1
1 603984 0
-1 0 0
