91
1 0 0
0 0 1
1 7.31064e+06 0
2 0 0
0 0 1
1 6.37891e+06 0
3 0 0
0 0 1
1 5.39728e+06 0
4 0 0
0 0 1
1 4.43823e+06 0
5 0 0
0 0 1
1 3.60451e+06 0
6 0 0
0 0 1
1 2.9358e+06 0
7 0 0
0 0 1
1 2.40518e+06 0
8 0 0
0 0 1
1 1.98481e+06 0
9 0 0
0 0 1
1 1.66488e+06 0
10 0 0
0 0 1
1 1.42285e+06 0
11 0 0
0 0 1
1 1.22326e+06 0
12 0 0
0 0 1
1 1.05059e+06 0
13 0 0
0 0 1
1 911062 0
14 0 0
0 0 1
1 802695 0
15 0 0
0 0 1
1 710062 0
16 0 0
0 0 1
1 627540 0
17 0 0
0 0 1
1 562558 0
18 0 0
0 0 1
1 514436 0
19 0 0
0 0 1
1 471196 0
20 0 0
0 0 1
1 428902 0
21 0 0
0 0 1
1 395307 0
22 0 0
0 0 1
1 372374 0
23 0 0
0 0 1
1 352047 0
24 0 0
0 0 1
1 331627 0
25 0 0
0 0 1
1 318121 0
26 0 0
0 0 1
1 314690 0
27 0 0
0 0 1
1 316086 0
28 0 0
0 0 1
1 319969 0
29 0 0
0 0 1
1 330639 0
30 0 0
0 0 1
1 348825 0
-1 0 0
