91
1 0 0
0 0 1
1 6.34461e+06 0
2 0 0
0 0 1
1 5.48485e+06 0
3 0 0
0 0 1
1 4.61994e+06 0
4 0 0
0 0 1
1 3.76721e+06 0
5 0 0
0 0 1
1 2.9901e+06 0
6 0 0
0 0 1
1 2.3824e+06 0
7 0 0
0 0 1
1 1.96167e+06 0
8 0 0
0 0 1
1 1.66193e+06 0
9 0 0
0 0 1
1 1.42551e+06 0
10 0 0
0 0 1
1 1.24332e+06 0
11 0 0
0 0 1
1 1.11019e+06 0
12 0 0
0 0 1
1 999596 0
13 0 0
0 0 1
1 895391 0
14 0 0
0 0 1
1 807316 0
15 0 0
0 0 1
1 741222 0
16 0 0
0 0 1
1 683624 0
17 0 0
0 0 1
1 625818 0
18 0 0
0 0 1
1 576921 0
19 0 0
0 0 1
1 542707 0
20 0 0
0 0 1
1 513596 0
21 0 0
0 0 1
1 482989 0
22 0 0
0 0 1
1 458357 0
23 0 0
0 0 1
1 445336 0
24 0 0
0 0 1
1 437364 0
25 0 0
0 0 1
1 428933 0
26 0 0
0 0 1
1 424343 0
27 0 0
0 0 1
1 426081 0
28 0 0
0 0 1
1 427635 0
29 0 0
0 0 1
1 424411 0
30 0 0
0 0 1
1 420475 0
-1 0 0
