91
1 0 0
0 0 1
1 1.40663e+07 0
2 0 0
0 0 1
1 1.22992e+07 0
3 0 0
0 0 1
1 1.0392e+07 0
4 0 0
0 0 1
1 8.56902e+06 0
5 0 0
0 0 1
1 6.96682e+06 0
6 0 0
0 0 1
1 5.65291e+06 0
7 0 0
0 0 1
1 4.61948e+06 0
8 0 0
0 0 1
1 3.80727e+06 0
9 0 0
0 0 1
1 3.15925e+06 0
10 0 0
0 0 1
1 2.64503e+06 0
11 0 0
0 0 1
1 2.24192e+06 0
12 0 0
0 0 1
1 1.91995e+06 0
13 0 0
0 0 1
1 1.65417e+06 0
14 0 0
0 0 1
1 1.4346e+06 0
15 0 0
0 0 1
1 1.2558e+06 0
16 0 0
0 0 1
1 1.10768e+06 0
17 0 0
0 0 1
1 982197 0
18 0 0
0 0 1
1 878392 0
19 0 0
0 0 1
1 794918 0
20 0 0
0 0 1
1 725418 0
21 0 0
0 0 1
1 665343 0
22 0 0
0 0 1
1 615477 0
23 0 0
0 0 1
1 575030 0
24 0 0
0 0 1
1 538874 0
25 0 0
0 0 1
1 505434 0
26 0 0
0 0 1
1 480268 0
27 0 0
0 0 1
1 467969 0
28 0 0
0 0 1
1 467019 0
29 0 0
0 0 1
1 476110 0
30 0 0
0 0 1
1 498391 0
-1 0 0
