91
1 0 0
0 0 1
1 1.28846e+07 0
2 0 0
0 0 1
1 1.17044e+07 0
3 0 0
0 0 1
1 1.06726e+07 0
4 0 0
0 0 1
1 9.74769e+06 0
5 0 0
0 0 1
1 8.82533e+06 0
6 0 0
0 0 1
1 7.84129e+06 0
7 0 0
0 0 1
1 6.82556e+06 0
8 0 0
0 0 1
1 5.86372e+06 0
9 0 0
0 0 1
1 5.01261e+06 0
10 0 0
0 0 1
1 4.27137e+06 0
11 0 0
0 0 1
1 3.62385e+06 0
12 0 0
0 0 1
1 3.07075e+06 0
13 0 0
0 0 1
1 2.61048e+06 0
14 0 0
0 0 1
1 2.22176e+06 0
15 0 0
0 0 1
1 1.88542e+06 0
16 0 0
0 0 1
1 1.60345e+06 0
17 0 0
0 0 1
1 1.38067e+06 0
18 0 0
0 0 1
1 1.20431e+06 0
19 0 0
0 0 1
1 1.05692e+06 0
20 0 0
0 0 1
1 934930 0
21 0 0
0 0 1
1 840195 0
22 0 0
0 0 1
1 764821 0
23 0 0
0 0 1
1 698681 0
24 0 0
0 0 1
1 643029 0
25 0 0
0 0 1
1 604704 0
26 0 0
0 0 1
1 583717 0
27 0 0
0 0 1
1 575558 0
28 0 0
0 0 1
1 578268 0
29 0 0
0 0 1
1 589086 0
30 0 0
0 0 1
1 601539 0
-1 0 0
