91
1 0 0
0 0 1
1 7.02385e+06 0
2 0 0
0 0 1
1 6.22214e+06 0
3 0 0
0 0 1
1 5.45791e+06 0
4 0 0
0 0 1
1 4.74818e+06 0
5 0 0
0 0 1
1 4.09868e+06 0
6 0 0
0 0 1
1 3.5196e+06 0
7 0 0
0 0 1
1 3.01196e+06 0
8 0 0
0 0 1
1 2.56848e+06 0
9 0 0
0 0 1
1 2.18646e+06 0
10 0 0
0 0 1
1 1.86576e+06 0
11 0 0
0 0 1
1 1.59784e+06 0
12 0 0
0 0 1
1 1.36906e+06 0
13 0 0
0 0 1
1 1.17283e+06 0
14 0 0
0 0 1
1 1.00887e+06 0
15 0 0
0 0 1
1 872789 0
16 0 0
0 0 1
1 755885 0
17 0 0
0 0 1
1 654306 0
18 0 0
0 0 1
1 569882 0
19 0 0
0 0 1
1 501919 0
20 0 0
0 0 1
1 445274 0
21 0 0
0 0 1
1 396744 0
22 0 0
0 0 1
1 357025 0
23 0 0
0 0 1
1 325766 0
24 0 0
0 0 1
1 300042 0
25 0 0
0 0 1
1 278498 0
26 0 0
0 0 1
1 262643 0
27 0 0
0 0 1
1 253584 0
28 0 0
0 0 1
1 251060 0
29 0 0
0 0 1
1 255481 0
30 0 0
0 0 1
1 266994 0
-1 0 0
