91
1 0 0
0 0 1
1 8.42777e+06 0
2 0 0
0 0 1
1 7.40791e+06 0
3 0 0
0 0 1
1 6.29101e+06 0
4 0 0
0 0 1
1 5.18996e+06 0
5 0 0
0 0 1
1 4.21821e+06 0
6 0 0
0 0 1
1 3.40999e+06 0
7 0 0
0 0 1
1 2.752e+06 0
8 0 0
0 0 1
1 2.23815e+06 0
9 0 0
0 0 1
1 1.85671e+06 0
10 0 0
0 0 1
1 1.5663e+06 0
11 0 0
0 0 1
1 1.32599e+06 0
12 0 0
0 0 1
1 1.12831e+06 0
13 0 0
0 0 1
1 977189 0
14 0 0
0 0 1
1 857036 0
15 0 0
0 0 1
1 748410 0
16 0 0
0 0 1
1 653889 0
17 0 0
0 0 1
1 583609 0
18 0 0
0 0 1
1 530485 0
19 0 0
0 0 1
1 480984 0
20 0 0
0 0 1
1 436665 0
21 0 0
0 0 1
1 405143 0
22 0 0
0 0 1
1 381417 0
23 0 0
0 0 1
1 356475 0
24 0 0
0 0 1
1 334496 0
25 0 0
0 0 1
1 324810 0
26 0 0
0 0 1
1 325330 0
27 0 0
0 0 1
1 328769 0
28 0 0
0 0 1
1 337047 0
29 0 0
0 0 1
1 355273 0
30 0 0
0 0 1
1 378352 0
-1 0 0
