91
1 0 0
0 0 1
1 5.10432e+06 0
2 0 0
0 0 1
1 4.4564e+06 0
3 0 0
0 0 1
1 3.80252e+06 0
4 0 0
0 0 1
1 3.20516e+06 0
5 0 0
0 0 1
1 2.69269e+06 0
6 0 0
0 0 1
1 2.26755e+06 0
7 0 0
0 0 1
1 1.9202e+06 0
8 0 0
0 0 1
1 1.63808e+06 0
9 0 0
0 0 1
1 1.40774e+06 0
10 0 0
0 0 1
1 1.21642e+06 0
11 0 0
0 0 1
1 1.0549e+06 0
12 0 0
0 0 1
1 918540 0
13 0 0
0 0 1
1 804436 0
14 0 0
0 0 1
1 708994 0
15 0 0
0 0 1
1 628712 0
16 0 0
0 0 1
1 561641 0
17 0 0
0 0 1
1 506430 0
18 0 0
0 0 1
1 460652 0
19 0 0
0 0 1
1 421454 0
20 0 0
0 0 1
1 387525 0
21 0 0
0 0 1
1 359199 0
22 0 0
0 0 1
1 336653 0
23 0 0
0 0 1
1 318973 0
24 0 0
0 0 1
1 305073 0
25 0 0
0 0 1
1 294740 0
26 0 0
0 0 1
1 288405 0
27 0 0
0 0 1
1 286179 0
28 0 0
0 0 1
1 287273 0
29 0 0
0 0 1
1 290198 0
30 0 0
0 0 1
1 293562 0
-1 0 0
