91
1 0 0
0 0 1
1 1.51785e+07 0
2 0 0
0 0 1
1 1.32388e+07 0
3 0 0
0 0 1
1 1.11283e+07 0
4 0 0
0 0 1
1 9.22847e+06 0
5 0 0
0 0 1
1 7.65937e+06 0
6 0 0
0 0 1
1 6.3807e+06 0
7 0 0
0 0 1
1 5.33525e+06 0
8 0 0
0 0 1
1 4.48467e+06 0
9 0 0
0 0 1
1 3.78646e+06 0
10 0 0
0 0 1
1 3.19988e+06 0
11 0 0
0 0 1
1 2.70548e+06 0
12 0 0
0 0 1
1 2.29497e+06 0
13 0 0
0 0 1
1 1.95283e+06 0
14 0 0
0 0 1
1 1.66333e+06 0
15 0 0
0 0 1
1 1.42279e+06 0
16 0 0
0 0 1
1 1.22983e+06 0
17 0 0
0 0 1
1 1.07282e+06 0
18 0 0
0 0 1
1 938922 0
19 0 0
0 0 1
1 826383 0
20 0 0
0 0 1
1 737107 0
21 0 0
0 0 1
1 665272 0
22 0 0
0 0 1
1 603602 0
23 0 0
0 0 1
1 553440 0
24 0 0
0 0 1
1 518627 0
25 0 0
0 0 1
1 495385 0
26 0 0
0 0 1
1 477395 0
27 0 0
0 0 1
1 465855 0
28 0 0
0 0 1
1 466017 0
29 0 0
0 0 1
1 477701 0
30 0 0
0 0 1
1 496506 0
-1 0 0
