91
1 0 0
0 0 1
1 1.36658e+07 0
2 0 0
0 0 1
1 1.20459e+07 0
3 0 0
0 0 1
1 1.03161e+07 0
4 0 0
0 0 1
1 8.58527e+06 0
5 0 0
0 0 1
1 6.9522e+06 0
6 0 0
0 0 1
1 5.55739e+06 0
7 0 0
0 0 1
1 4.48072e+06 0
8 0 0
0 0 1
1 3.67994e+06 0
9 0 0
0 0 1
1 3.06695e+06 0
10 0 0
0 0 1
1 2.59246e+06 0
11 0 0
0 0 1
1 2.23291e+06 0
12 0 0
0 0 1
1 1.94992e+06 0
13 0 0
0 0 1
1 1.70676e+06 0
14 0 0
0 0 1
1 1.49805e+06 0
15 0 0
0 0 1
1 1.3306e+06 0
16 0 0
0 0 1
1 1.19308e+06 0
17 0 0
0 0 1
1 1.06836e+06 0
18 0 0
0 0 1
1 958033 0
19 0 0
0 0 1
1 871214 0
20 0 0
0 0 1
1 802438 0
21 0 0
0 0 1
1 740496 0
22 0 0
0 0 1
1 687581 0
23 0 0
0 0 1
1 651267 0
24 0 0
0 0 1
1 626978 0
25 0 0
0 0 1
1 604697 0
26 0 0
0 0 1
1 584831 0
27 0 0
0 0 1
1 572890 0
28 0 0
0 0 1
1 566011 0
29 0 0
0 0 1
1 558300 0
30 0 0
0 0 1
1 553051 0
-1 0 0
