91
1 0 0
0 0 1
1 5.66487e+06 0
2 0 0
0 0 1
1 5.0523e+06 0
3 0 0
0 0 1
1 4.39918e+06 0
4 0 0
0 0 1
1 3.77748e+06 0
5 0 0
0 0 1
1 3.21904e+06 0
6 0 0
0 0 1
1 2.73061e+06 0
7 0 0
0 0 1
1 2.31452e+06 0
8 0 0
0 0 1
1 1.96983e+06 0
9 0 0
0 0 1
1 1.68727e+06 0
10 0 0
0 0 1
1 1.45433e+06 0
11 0 0
0 0 1
1 1.26266e+06 0
12 0 0
0 0 1
1 1.10662e+06 0
13 0 0
0 0 1
1 978747 0
14 0 0
0 0 1
1 871401 0
15 0 0
0 0 1
1 780470 0
16 0 0
0 0 1
1 704368 0
17 0 0
0 0 1
1 641044 0
18 0 0
0 0 1
1 588117 0
19 0 0
0 0 1
1 544053 0
20 0 0
0 0 1
1 507349 0
21 0 0
0 0 1
1 476075 0
22 0 0
0 0 1
1 449434 0
23 0 0
0 0 1
1 427989 0
24 0 0
0 0 1
1 411349 0
25 0 0
0 0 1
1 397619 0
26 0 0
0 0 1
1 386175 0
27 0 0
0 0 1
1 378832 0
28 0 0
0 0 1
1 376917 0
29 0 0
0 0 1
1 379042 0
30 0 0
0 0 1
1 382922 0
-1 0 0
