91
1 0 0
0 0 1
1 8.20905e+06 0
2 0 0
0 0 1
1 7.1185e+06 0
3 0 0
0 0 1
1 5.97808e+06 0
4 0 0
0 0 1
1 4.96154e+06 0
5 0 0
0 0 1
1 4.12624e+06 0
6 0 0
0 0 1
1 3.45718e+06 0
7 0 0
0 0 1
1 2.91632e+06 0
8 0 0
0 0 1
1 2.47107e+06 0
9 0 0
0 0 1
1 2.10095e+06 0
10 0 0
0 0 1
1 1.79229e+06 0
11 0 0
0 0 1
1 1.53284e+06 0
12 0 0
0 0 1
1 1.31211e+06 0
13 0 0
0 0 1
1 1.12364e+06 0
14 0 0
0 0 1
1 963993 0
15 0 0
0 0 1
1 829990 0
16 0 0
0 0 1
1 718046 0
17 0 0
0 0 1
1 625231 0
18 0 0
0 0 1
1 549200 0
19 0 0
0 0 1
1 487321 0
20 0 0
0 0 1
1 436718 0
21 0 0
0 0 1
1 394893 0
22 0 0
0 0 1
1 360016 0
23 0 0
0 0 1
1 331305 0
24 0 0
0 0 1
1 309169 0
25 0 0
0 0 1
1 293952 0
26 0 0
0 0 1
1 284419 0
27 0 0
0 0 1
1 278705 0
28 0 0
0 0 1
1 276759 0
29 0 0
0 0 1
1 280390 0
30 0 0
0 0 1
1 290712 0
-1 0 0
