91
1 0 0
0 0 1
1 1.25342e+07 0
2 0 0
0 0 1
1 1.10949e+07 0
3 0 0
0 0 1
1 9.76631e+06 0
4 0 0
0 0 1
1 8.63228e+06 0
5 0 0
0 0 1
1 7.65481e+06 0
6 0 0
0 0 1
1 6.77451e+06 0
7 0 0
0 0 1
1 5.96564e+06 0
8 0 0
0 0 1
1 5.23372e+06 0
9 0 0
0 0 1
1 4.59111e+06 0
10 0 0
0 0 1
1 4.03837e+06 0
11 0 0
0 0 1
1 3.56258e+06 0
12 0 0
0 0 1
1 3.14857e+06 0
13 0 0
0 0 1
1 2.78839e+06 0
14 0 0
0 0 1
1 2.47936e+06 0
15 0 0
0 0 1
1 2.21749e+06 0
16 0 0
0 0 1
1 1.99638e+06 0
17 0 0
0 0 1
1 1.80929e+06 0
18 0 0
0 0 1
1 1.64933e+06 0
19 0 0
0 0 1
1 1.50965e+06 0
20 0 0
0 0 1
1 1.38552e+06 0
21 0 0
0 0 1
1 1.27429e+06 0
22 0 0
0 0 1
1 1.17254e+06 0
23 0 0
0 0 1
1 1.07724e+06 0
24 0 0
0 0 1
1 990420 0
25 0 0
0 0 1
1 918386 0
26 0 0
0 0 1
1 864611 0
27 0 0
0 0 1
1 827235 0
28 0 0
0 0 1
1 804199 0
29 0 0
0 0 1
1 795069 0
30 0 0
0 0 1
1 795626 0
-1 0 0
