91
1 0 0
0 0 1
1 5.78916e+06 0
2 0 0
0 0 1
1 4.92636e+06 0
3 0 0
0 0 1
1 4.22793e+06 0
4 0 0
0 0 1
1 3.71887e+06 0
5 0 0
0 0 1
1 3.31312e+06 0
6 0 0
0 0 1
1 2.95217e+06 0
7 0 0
0 0 1
1 2.6314e+06 0
8 0 0
0 0 1
1 2.35144e+06 0
9 0 0
0 0 1
1 2.10089e+06 0
10 0 0
0 0 1
1 1.87608e+06 0
11 0 0
0 0 1
1 1.6819e+06 0
12 0 0
0 0 1
1 1.51393e+06 0
13 0 0
0 0 1
1 1.36077e+06 0
14 0 0
0 0 1
1 1.22108e+06 0
15 0 0
0 0 1
1 1.10126e+06 0
16 0 0
0 0 1
1 999218 0
17 0 0
0 0 1
1 905784 0
18 0 0
0 0 1
1 819359 0
19 0 0
0 0 1
1 745347 0
20 0 0
0 0 1
1 682970 0
21 0 0
0 0 1
1 625394 0
22 0 0
0 0 1
1 571710 0
23 0 0
0 0 1
1 527141 0
24 0 0
0 0 1
1 491783 0
25 0 0
0 0 1
1 459601 0
26 0 0
0 0 1
1 428587 0
27 0 0
0 0 1
1 402531 0
28 0 0
0 0 1
1 382541 0
29 0 0
0 0 1
1 365429 0
30 0 0
0 0 1
1 350968 0
-1 0 0
