91
1 0 0
0 0 1
1 1.1599e+07 0
2 0 0
0 0 1
1 1.0146e+07 0
3 0 0
0 0 1
1 8.84151e+06 0
4 0 0
0 0 1
1 7.75386e+06 0
5 0 0
0 0 1
1 6.84758e+06 0
6 0 0
0 0 1
1 6.1235e+06 0
7 0 0
0 0 1
1 5.57517e+06 0
8 0 0
0 0 1
1 5.12839e+06 0
9 0 0
0 0 1
1 4.69892e+06 0
10 0 0
0 0 1
1 4.26852e+06 0
11 0 0
0 0 1
1 3.86307e+06 0
12 0 0
0 0 1
1 3.49232e+06 0
13 0 0
0 0 1
1 3.14897e+06 0
14 0 0
0 0 1
1 2.83889e+06 0
15 0 0
0 0 1
1 2.57386e+06 0
16 0 0
0 0 1
1 2.34775e+06 0
17 0 0
0 0 1
1 2.1461e+06 0
18 0 0
0 0 1
1 1.9679e+06 0
19 0 0
0 0 1
1 1.81734e+06 0
20 0 0
0 0 1
1 1.68662e+06 0
21 0 0
0 0 1
1 1.56567e+06 0
22 0 0
0 0 1
1 1.45785e+06 0
23 0 0
0 0 1
1 1.36966e+06 0
24 0 0
0 0 1
1 1.29496e+06 0
25 0 0
0 0 1
1 1.22461e+06 0
26 0 0
0 0 1
1 1.16173e+06 0
27 0 0
0 0 1
1 1.11316e+06 0
28 0 0
0 0 1
1 1.07486e+06 0
29 0 0
0 0 1
1 1.0394e+06 0
30 0 0
0 0 1
1 1.00952e+06 0
-1 0 0
