91
1 0 0
0 0 1
1 1.25249e+07 0
2 0 0
0 0 1
1 1.09928e+07 0
3 0 0
0 0 1
1 9.46156e+06 0
4 0 0
0 0 1
1 8.07617e+06 0
5 0 0
0 0 1
1 6.86071e+06 0
6 0 0
0 0 1
1 5.80817e+06 0
7 0 0
0 0 1
1 4.91353e+06 0
8 0 0
0 0 1
1 4.16247e+06 0
9 0 0
0 0 1
1 3.53388e+06 0
10 0 0
0 0 1
1 3.01281e+06 0
11 0 0
0 0 1
1 2.58628e+06 0
12 0 0
0 0 1
1 2.2343e+06 0
13 0 0
0 0 1
1 1.93808e+06 0
14 0 0
0 0 1
1 1.69082e+06 0
15 0 0
0 0 1
1 1.49022e+06 0
16 0 0
0 0 1
1 1.32702e+06 0
17 0 0
0 0 1
1 1.19005e+06 0
18 0 0
0 0 1
1 1.07594e+06 0
19 0 0
0 0 1
1 984486 0
20 0 0
0 0 1
1 909821 0
21 0 0
0 0 1
1 844629 0
22 0 0
0 0 1
1 788298 0
23 0 0
0 0 1
1 743201 0
24 0 0
0 0 1
1 707422 0
25 0 0
0 0 1
1 678568 0
26 0 0
0 0 1
1 660091 0
27 0 0
0 0 1
1 655451 0
28 0 0
0 0 1
1 659258 0
29 0 0
0 0 1
1 662199 0
30 0 0
0 0 1
1 662446 0
-1 0 0
