91
1 0 0
0 0 1
1 7.13323e+06 0
2 0 0
0 0 1
1 6.02242e+06 0
3 0 0
0 0 1
1 4.89769e+06 0
4 0 0
0 0 1
1 3.92522e+06 0
5 0 0
0 0 1
1 3.15064e+06 0
6 0 0
0 0 1
1 2.54772e+06 0
7 0 0
0 0 1
1 2.08255e+06 0
8 0 0
0 0 1
1 1.72599e+06 0
9 0 0
0 0 1
1 1.44558e+06 0
10 0 0
0 0 1
1 1.21503e+06 0
11 0 0
0 0 1
1 1.02437e+06 0
12 0 0
0 0 1
1 870153 0
13 0 0
0 0 1
1 744211 0
14 0 0
0 0 1
1 638777 0
15 0 0
0 0 1
1 553176 0
16 0 0
0 0 1
1 487372 0
17 0 0
0 0 1
1 435325 0
18 0 0
0 0 1
1 390619 0
19 0 0
0 0 1
1 352774 0
20 0 0
0 0 1
1 322923 0
21 0 0
0 0 1
1 298605 0
22 0 0
0 0 1
1 277446 0
23 0 0
0 0 1
1 261100 0
24 0 0
0 0 1
1 251237 0
25 0 0
0 0 1
1 245825 0
26 0 0
0 0 1
1 243155 0
27 0 0
0 0 1
1 245609 0
28 0 0
0 0 1
1 255738 0
29 0 0
0 0 1
1 271747 0
30 0 0
0 0 1
1 289609 0
-1 0 0
