91
1 0 0
0 0 1
1 6.60792e+06 0
2 0 0
0 0 1
1 5.8052e+06 0
3 0 0
0 0 1
1 4.96137e+06 0
4 0 0
0 0 1
1 4.15143e+06 0
5 0 0
0 0 1
1 3.43131e+06 0
6 0 0
0 0 1
1 2.82056e+06 0
7 0 0
0 0 1
1 2.31542e+06 0
8 0 0
0 0 1
1 1.90781e+06 0
9 0 0
0 0 1
1 1.58664e+06 0
10 0 0
0 0 1
1 1.33401e+06 0
11 0 0
0 0 1
1 1.13156e+06 0
12 0 0
0 0 1
1 968236 0
13 0 0
0 0 1
1 837686 0
14 0 0
0 0 1
1 732685 0
15 0 0
0 0 1
1 646478 0
16 0 0
0 0 1
1 575747 0
17 0 0
0 0 1
1 518304 0
18 0 0
0 0 1
1 470563 0
19 0 0
0 0 1
1 430081 0
20 0 0
0 0 1
1 397434 0
21 0 0
0 0 1
1 372657 0
22 0 0
0 0 1
1 352498 0
23 0 0
0 0 1
1 333897 0
24 0 0
0 0 1
1 317739 0
25 0 0
0 0 1
1 306539 0
26 0 0
0 0 1
1 300610 0
27 0 0
0 0 1
1 299098 0
28 0 0
0 0 1
1 302825 0
29 0 0
0 0 1
1 313228 0
30 0 0
0 0 1
1 329374 0
-1 0 0
