91
1 0 0
0 0 1
1 7.67276e+06 0
2 0 0
0 0 1
1 6.77918e+06 0
3 0 0
0 0 1
1 5.69942e+06 0
4 0 0
0 0 1
1 4.5988e+06 0
5 0 0
0 0 1
1 3.63041e+06 0
6 0 0
0 0 1
1 2.86722e+06 0
7 0 0
0 0 1
1 2.29767e+06 0
8 0 0
0 0 1
1 1.87612e+06 0
9 0 0
0 0 1
1 1.564e+06 0
10 0 0
0 0 1
1 1.33292e+06 0
11 0 0
0 0 1
1 1.15634e+06 0
12 0 0
0 0 1
1 1.01314e+06 0
13 0 0
0 0 1
1 892986 0
14 0 0
0 0 1
1 791716 0
15 0 0
0 0 1
1 704983 0
16 0 0
0 0 1
1 629221 0
17 0 0
0 0 1
1 563844 0
18 0 0
0 0 1
1 508869 0
19 0 0
0 0 1
1 462918 0
20 0 0
0 0 1
1 425019 0
21 0 0
0 0 1
1 395184 0
22 0 0
0 0 1
1 371845 0
23 0 0
0 0 1
1 351882 0
24 0 0
0 0 1
1 334465 0
25 0 0
0 0 1
1 321934 0
26 0 0
0 0 1
1 315655 0
27 0 0
0 0 1
1 313730 0
28 0 0
0 0 1
1 314017 0
29 0 0
0 0 1
1 316766 0
30 0 0
0 0 1
1 322916 0
-1 0 0
