91
1 0 0
0 0 1
1 1.39266e+07 0
2 0 0
0 0 1
1 1.27298e+07 0
3 0 0
0 0 1
1 1.12494e+07 0
4 0 0
0 0 1
1 9.56539e+06 0
5 0 0
0 0 1
1 7.91129e+06 0
6 0 0
0 0 1
1 6.4582e+06 0
7 0 0
0 0 1
1 5.24895e+06 0
8 0 0
0 0 1
1 4.2692e+06 0
9 0 0
0 0 1
1 3.49449e+06 0
10 0 0
0 0 1
1 2.88512e+06 0
11 0 0
0 0 1
1 2.39702e+06 0
12 0 0
0 0 1
1 2.00593e+06 0
13 0 0
0 0 1
1 1.69986e+06 0
14 0 0
0 0 1
1 1.45767e+06 0
15 0 0
0 0 1
1 1.25668e+06 0
16 0 0
0 0 1
1 1.09074e+06 0
17 0 0
0 0 1
1 961225 0
18 0 0
0 0 1
1 858966 0
19 0 0
0 0 1
1 771336 0
20 0 0
0 0 1
1 698119 0
21 0 0
0 0 1
1 644437 0
22 0 0
0 0 1
1 605653 0
23 0 0
0 0 1
1 573425 0
24 0 0
0 0 1
1 549620 0
25 0 0
0 0 1
1 540756 0
26 0 0
0 0 1
1 544272 0
27 0 0
0 0 1
1 552304 0
28 0 0
0 0 1
1 564371 0
29 0 0
0 0 1
1 585348 0
30 0 0
0 0 1
1 613988 0
-1 0 0
