91
1 0 0
0 0 1
1 6.14632e+06 0
2 0 0
0 0 1
1 5.695e+06 0
3 0 0
0 0 1
1 5.11554e+06 0
4 0 0
0 0 1
1 4.48618e+06 0
5 0 0
0 0 1
1 3.8716e+06 0
6 0 0
0 0 1
1 3.29322e+06 0
7 0 0
0 0 1
1 2.77385e+06 0
8 0 0
0 0 1
1 2.34141e+06 0
9 0 0
0 0 1
1 1.99513e+06 0
10 0 0
0 0 1
1 1.71018e+06 0
11 0 0
0 0 1
1 1.47226e+06 0
12 0 0
0 0 1
1 1.28044e+06 0
13 0 0
0 0 1
1 1.12508e+06 0
14 0 0
0 0 1
1 989852 0
15 0 0
0 0 1
1 871025 0
16 0 0
0 0 1
1 773406 0
17 0 0
0 0 1
1 691959 0
18 0 0
0 0 1
1 615709 0
19 0 0
0 0 1
1 544901 0
20 0 0
0 0 1
1 487350 0
21 0 0
0 0 1
1 441886 0
22 0 0
0 0 1
1 400559 0
23 0 0
0 0 1
1 363314 0
24 0 0
0 0 1
1 336342 0
25 0 0
0 0 1
1 318911 0
26 0 0
0 0 1
1 304603 0
27 0 0
0 0 1
1 293085 0
28 0 0
0 0 1
1 289367 0
29 0 0
0 0 1
1 293486 0
30 0 0
0 0 1
1 300257 0
-1 0 0
