91
1 0 0
0 0 1
1 6.84631e+06 0
2 0 0
0 0 1
1 6.26492e+06 0
3 0 0
0 0 1
1 5.61828e+06 0
4 0 0
0 0 1
1 4.84758e+06 0
5 0 0
0 0 1
1 4.0329e+06 0
6 0 0
0 0 1
1 3.2912e+06 0
7 0 0
0 0 1
1 2.67549e+06 0
8 0 0
0 0 1
1 2.18046e+06 0
9 0 0
0 0 1
1 1.79001e+06 0
10 0 0
0 0 1
1 1.48896e+06 0
11 0 0
0 0 1
1 1.2545e+06 0
12 0 0
0 0 1
1 1.06447e+06 0
13 0 0
0 0 1
1 909171 0
14 0 0
0 0 1
1 785123 0
15 0 0
0 0 1
1 684792 0
16 0 0
0 0 1
1 600344 0
17 0 0
0 0 1
1 530053 0
18 0 0
0 0 1
1 473867 0
19 0 0
0 0 1
1 427872 0
20 0 0
0 0 1
1 388049 0
21 0 0
0 0 1
1 354661 0
22 0 0
0 0 1
1 328950 0
23 0 0
0 0 1
1 309679 0
24 0 0
0 0 1
1 295761 0
25 0 0
0 0 1
1 288173 0
26 0 0
0 0 1
1 286781 0
27 0 0
0 0 1
1 289047 0
28 0 0
0 0 1
1 293828 0
29 0 0
0 0 1
1 302954 0
30 0 0
0 0 1
1 317243 0
-1 0 0
