91
1 0 0
0 0 1
1 1.40659e+07 0
2 0 0
0 0 1
1 1.22265e+07 0
3 0 0
0 0 1
1 1.00831e+07 0
4 0 0
0 0 1
1 7.94784e+06 0
5 0 0
0 0 1
1 6.11394e+06 0
6 0 0
0 0 1
1 4.72552e+06 0
7 0 0
0 0 1
1 3.73622e+06 0
8 0 0
0 0 1
1 3.01698e+06 0
9 0 0
0 0 1
1 2.47952e+06 0
10 0 0
0 0 1
1 2.08524e+06 0
11 0 0
0 0 1
1 1.79129e+06 0
12 0 0
0 0 1
1 1.54754e+06 0
13 0 0
0 0 1
1 1.33376e+06 0
14 0 0
0 0 1
1 1.15706e+06 0
15 0 0
0 0 1
1 1.015e+06 0
16 0 0
0 0 1
1 890772 0
17 0 0
0 0 1
1 779450 0
18 0 0
0 0 1
1 690068 0
19 0 0
0 0 1
1 622399 0
20 0 0
0 0 1
1 564711 0
21 0 0
0 0 1
1 513426 0
22 0 0
0 0 1
1 474484 0
23 0 0
0 0 1
1 446537 0
24 0 0
0 0 1
1 421758 0
25 0 0
0 0 1
1 402013 0
26 0 0
0 0 1
1 396222 0
27 0 0
0 0 1
1 402565 0
28 0 0
0 0 1
1 410347 0
29 0 0
0 0 1
1 418769 0
30 0 0
0 0 1
1 437149 0
-1 0 0
