91
1 0 0
0 0 1
1 3.67763e+06 0
2 0 0
0 0 1
1 3.23746e+06 0
3 0 0
0 0 1
1 2.81463e+06 0
4 0 0
0 0 1
1 2.46221e+06 0
5 0 0
0 0 1
1 2.16549e+06 0
6 0 0
0 0 1
1 1.89958e+06 0
7 0 0
0 0 1
1 1.65878e+06 0
8 0 0
0 0 1
1 1.44343e+06 0
9 0 0
0 0 1
1 1.24886e+06 0
10 0 0
0 0 1
1 1.07391e+06 0
11 0 0
0 0 1
1 924395 0
12 0 0
0 0 1
1 802068 0
13 0 0
0 0 1
1 700065 0
14 0 0
0 0 1
1 612137 0
15 0 0
0 0 1
1 537862 0
16 0 0
0 0 1
1 476269 0
17 0 0
0 0 1
1 422317 0
18 0 0
0 0 1
1 372749 0
19 0 0
0 0 1
1 329111 0
20 0 0
0 0 1
1 292481 0
21 0 0
0 0 1
1 260658 0
22 0 0
0 0 1
1 232541 0
23 0 0
0 0 1
1 210143 0
24 0 0
0 0 1
1 194166 0
25 0 0
0 0 1
1 182017 0
26 0 0
0 0 1
1 171994 0
27 0 0
0 0 1
1 165455 0
28 0 0
0 0 1
1 163364 0
29 0 0
0 0 1
1 164474 0
30 0 0
0 0 1
1 168195 0
-1 0 0
