91
1 0 0
0 0 1
1 6.22668e+06 0
2 0 0
0 0 1
1 5.73202e+06 0
3 0 0
0 0 1
1 5.07897e+06 0
4 0 0
0 0 1
1 4.34752e+06 0
5 0 0
0 0 1
1 3.65658e+06 0
6 0 0
0 0 1
1 3.06069e+06 0
7 0 0
0 0 1
1 2.55778e+06 0
8 0 0
0 0 1
1 2.14077e+06 0
9 0 0
0 0 1
1 1.80526e+06 0
10 0 0
0 0 1
1 1.5344e+06 0
11 0 0
0 0 1
1 1.30856e+06 0
12 0 0
0 0 1
1 1.1215e+06 0
13 0 0
0 0 1
1 972019 0
14 0 0
0 0 1
1 850605 0
15 0 0
0 0 1
1 746969 0
16 0 0
0 0 1
1 660728 0
17 0 0
0 0 1
1 593309 0
18 0 0
0 0 1
1 538005 0
19 0 0
0 0 1
1 487611 0
20 0 0
0 0 1
1 443874 0
21 0 0
0 0 1
1 410495 0
22 0 0
0 0 1
1 383945 0
23 0 0
0 0 1
1 359398 0
24 0 0
0 0 1
1 339265 0
25 0 0
0 0 1
1 327952 0
26 0 0
0 0 1
1 323519 0
27 0 0
0 0 1
1 321768 0
28 0 0
0 0 1
1 323790 0
29 0 0
0 0 1
1 332437 0
30 0 0
0 0 1
1 344744 0
-1 0 0
