91
1 0 0
0 0 1
1 8.00008e+06 0
2 0 0
0 0 1
1 7.00581e+06 0
3 0 0
0 0 1
1 5.75895e+06 0
4 0 0
0 0 1
1 4.448e+06 0
5 0 0
0 0 1
1 3.33464e+06 0
6 0 0
0 0 1
1 2.54459e+06 0
7 0 0
0 0 1
1 2.01262e+06 0
8 0 0
0 0 1
1 1.62298e+06 0
9 0 0
0 0 1
1 1.3274e+06 0
10 0 0
0 0 1
1 1.11754e+06 0
11 0 0
0 0 1
1 963783 0
12 0 0
0 0 1
1 830789 0
13 0 0
0 0 1
1 714801 0
14 0 0
0 0 1
1 625657 0
15 0 0
0 0 1
1 554025 0
16 0 0
0 0 1
1 484482 0
17 0 0
0 0 1
1 421244 0
18 0 0
0 0 1
1 375257 0
19 0 0
0 0 1
1 340587 0
20 0 0
0 0 1
1 305252 0
21 0 0
0 0 1
1 272557 0
22 0 0
0 0 1
1 252052 0
23 0 0
0 0 1
1 240155 0
24 0 0
0 0 1
1 227352 0
25 0 0
0 0 1
1 215328 0
26 0 0
0 0 1
1 210975 0
27 0 0
0 0 1
1 211769 0
28 0 0
0 0 1
1 211883 0
29 0 0
0 0 1
1 215410 0
30 0 0
0 0 1
1 229625 0
-1 0 0
