91
1 0 0
0 0 1
1 7.80054e+06 0
2 0 0
0 0 1
1 6.7192e+06 0
3 0 0
0 0 1
1 5.54224e+06 0
4 0 0
0 0 1
1 4.46137e+06 0
5 0 0
0 0 1
1 3.57547e+06 0
6 0 0
0 0 1
1 2.8831e+06 0
7 0 0
0 0 1
1 2.34446e+06 0
8 0 0
0 0 1
1 1.92795e+06 0
9 0 0
0 0 1
1 1.60801e+06 0
10 0 0
0 0 1
1 1.35538e+06 0
11 0 0
0 0 1
1 1.14718e+06 0
12 0 0
0 0 1
1 974742 0
13 0 0
0 0 1
1 833725 0
14 0 0
0 0 1
1 716203 0
15 0 0
0 0 1
1 616994 0
16 0 0
0 0 1
1 537306 0
17 0 0
0 0 1
1 476327 0
18 0 0
0 0 1
1 426854 0
19 0 0
0 0 1
1 383587 0
20 0 0
0 0 1
1 348353 0
21 0 0
0 0 1
1 322875 0
22 0 0
0 0 1
1 303185 0
23 0 0
0 0 1
1 285536 0
24 0 0
0 0 1
1 271754 0
25 0 0
0 0 1
1 264246 0
26 0 0
0 0 1
1 260984 0
27 0 0
0 0 1
1 259826 0
28 0 0
0 0 1
1 263239 0
29 0 0
0 0 1
1 274226 0
30 0 0
0 0 1
1 290984 0
-1 0 0
