91
1 0 0
0 0 1
1 5.7909e+06 0
2 0 0
0 0 1
1 5.21057e+06 0
3 0 0
0 0 1
1 4.45131e+06 0
4 0 0
0 0 1
1 3.6095e+06 0
5 0 0
0 0 1
1 2.86158e+06 0
6 0 0
0 0 1
1 2.2955e+06 0
7 0 0
0 0 1
1 1.8812e+06 0
8 0 0
0 0 1
1 1.56499e+06 0
9 0 0
0 0 1
1 1.32622e+06 0
10 0 0
0 0 1
1 1.15133e+06 0
11 0 0
0 0 1
1 1.0128e+06 0
12 0 0
0 0 1
1 891530 0
13 0 0
0 0 1
1 789504 0
14 0 0
0 0 1
1 708799 0
15 0 0
0 0 1
1 639474 0
16 0 0
0 0 1
1 575126 0
17 0 0
0 0 1
1 520987 0
18 0 0
0 0 1
1 479384 0
19 0 0
0 0 1
1 442670 0
20 0 0
0 0 1
1 406614 0
21 0 0
0 0 1
1 377253 0
22 0 0
0 0 1
1 358829 0
23 0 0
0 0 1
1 346364 0
24 0 0
0 0 1
1 335088 0
25 0 0
0 0 1
1 327197 0
26 0 0
0 0 1
1 324890 0
27 0 0
0 0 1
1 325511 0
28 0 0
0 0 1
1 327432 0
29 0 0
0 0 1
1 333138 0
30 0 0
0 0 1
1 343368 0
-1 0 0
