91
1 0 0
0 0 1
1 1.25125e+07 0
2 0 0
0 0 1
1 1.07477e+07 0
3 0 0
0 0 1
1 8.89442e+06 0
4 0 0
0 0 1
1 7.19311e+06 0
5 0 0
0 0 1
1 5.80609e+06 0
6 0 0
0 0 1
1 4.74092e+06 0
7 0 0
0 0 1
1 3.92346e+06 0
8 0 0
0 0 1
1 3.29464e+06 0
9 0 0
0 0 1
1 2.81776e+06 0
10 0 0
0 0 1
1 2.44764e+06 0
11 0 0
0 0 1
1 2.14145e+06 0
12 0 0
0 0 1
1 1.88356e+06 0
13 0 0
0 0 1
1 1.67254e+06 0
14 0 0
0 0 1
1 1.49664e+06 0
15 0 0
0 0 1
1 1.34159e+06 0
16 0 0
0 0 1
1 1.20758e+06 0
17 0 0
0 0 1
1 1.09898e+06 0
18 0 0
0 0 1
1 1.00822e+06 0
19 0 0
0 0 1
1 925595 0
20 0 0
0 0 1
1 854485 0
21 0 0
0 0 1
1 801612 0
22 0 0
0 0 1
1 761580 0
23 0 0
0 0 1
1 725036 0
24 0 0
0 0 1
1 693799 0
25 0 0
0 0 1
1 674732 0
26 0 0
0 0 1
1 665941 0
27 0 0
0 0 1
1 661323 0
28 0 0
0 0 1
1 662239 0
29 0 0
0 0 1
1 673235 0
30 0 0
0 0 1
1 691831 0
-1 0 0
