91
1 0 0
0 0 1
1 8.30656e+06 0
2 0 0
0 0 1
1 7.18481e+06 0
3 0 0
0 0 1
1 5.99621e+06 0
4 0 0
0 0 1
1 4.88869e+06 0
5 0 0
0 0 1
1 3.94796e+06 0
6 0 0
0 0 1
1 3.20336e+06 0
7 0 0
0 0 1
1 2.6324e+06 0
8 0 0
0 0 1
1 2.1907e+06 0
9 0 0
0 0 1
1 1.84494e+06 0
10 0 0
0 0 1
1 1.57567e+06 0
11 0 0
0 0 1
1 1.36376e+06 0
12 0 0
0 0 1
1 1.19102e+06 0
13 0 0
0 0 1
1 1.04872e+06 0
14 0 0
0 0 1
1 933199 0
15 0 0
0 0 1
1 836519 0
16 0 0
0 0 1
1 750385 0
17 0 0
0 0 1
1 674950 0
18 0 0
0 0 1
1 614465 0
19 0 0
0 0 1
1 566992 0
20 0 0
0 0 1
1 526078 0
21 0 0
0 0 1
1 489733 0
22 0 0
0 0 1
1 460253 0
23 0 0
0 0 1
1 437251 0
24 0 0
0 0 1
1 417802 0
25 0 0
0 0 1
1 402153 0
26 0 0
0 0 1
1 393125 0
27 0 0
0 0 1
1 390501 0
28 0 0
0 0 1
1 390930 0
29 0 0
0 0 1
1 392757 0
30 0 0
0 0 1
1 396976 0
-1 0 0
