91
1 0 0
0 0 1
1 1.12553e+07 0
2 0 0
0 0 1
1 9.84932e+06 0
3 0 0
0 0 1
1 8.35296e+06 0
4 0 0
0 0 1
1 6.93262e+06 0
5 0 0
0 0 1
1 5.67986e+06 0
6 0 0
0 0 1
1 4.61724e+06 0
7 0 0
0 0 1
1 3.74118e+06 0
8 0 0
0 0 1
1 3.04454e+06 0
9 0 0
0 0 1
1 2.50794e+06 0
10 0 0
0 0 1
1 2.09519e+06 0
11 0 0
0 0 1
1 1.7694e+06 0
12 0 0
0 0 1
1 1.50732e+06 0
13 0 0
0 0 1
1 1.29464e+06 0
14 0 0
0 0 1
1 1.11768e+06 0
15 0 0
0 0 1
1 966273 0
16 0 0
0 0 1
1 838196 0
17 0 0
0 0 1
1 733652 0
18 0 0
0 0 1
1 648993 0
19 0 0
0 0 1
1 579472 0
20 0 0
0 0 1
1 523201 0
21 0 0
0 0 1
1 478237 0
22 0 0
0 0 1
1 440487 0
23 0 0
0 0 1
1 408758 0
24 0 0
0 0 1
1 387504 0
25 0 0
0 0 1
1 380228 0
26 0 0
0 0 1
1 383946 0
27 0 0
0 0 1
1 393751 0
28 0 0
0 0 1
1 408128 0
29 0 0
0 0 1
1 425309 0
30 0 0
0 0 1
1 439128 0
-1 0 0
