91
1 0 0
0 0 1
1 7.39332e+06 0
2 0 0
0 0 1
1 6.21363e+06 0
3 0 0
0 0 1
1 5.02948e+06 0
4 0 0
0 0 1
1 3.93335e+06 0
5 0 0
0 0 1
1 3.02282e+06 0
6 0 0
0 0 1
1 2.35418e+06 0
7 0 0
0 0 1
1 1.89368e+06 0
8 0 0
0 0 1
1 1.56211e+06 0
9 0 0
0 0 1
1 1.30997e+06 0
10 0 0
0 0 1
1 1.12244e+06 0
11 0 0
0 0 1
1 980060 0
12 0 0
0 0 1
1 856506 0
13 0 0
0 0 1
1 745248 0
14 0 0
0 0 1
1 655473 0
15 0 0
0 0 1
1 585033 0
16 0 0
0 0 1
1 521165 0
17 0 0
0 0 1
1 462621 0
18 0 0
0 0 1
1 418170 0
19 0 0
0 0 1
1 386105 0
20 0 0
0 0 1
1 355197 0
21 0 0
0 0 1
1 323909 0
22 0 0
0 0 1
1 300785 0
23 0 0
0 0 1
1 287227 0
24 0 0
0 0 1
1 276107 0
25 0 0
0 0 1
1 266367 0
26 0 0
0 0 1
1 263971 0
27 0 0
0 0 1
1 268838 0
28 0 0
0 0 1
1 274504 0
29 0 0
0 0 1
1 280489 0
30 0 0
0 0 1
1 292334 0
-1 0 0
