91
1 0 0
0 0 1
1 2.42155e+07 0
2 0 0
0 0 1
1 2.09146e+07 0
3 0 0
0 0 1
1 1.76037e+07 0
4 0 0
0 0 1
1 1.44457e+07 0
5 0 0
0 0 1
1 1.16315e+07 0
6 0 0
0 0 1
1 9.36989e+06 0
7 0 0
0 0 1
1 7.69685e+06 0
8 0 0
0 0 1
1 6.45348e+06 0
9 0 0
0 0 1
1 5.47604e+06 0
10 0 0
0 0 1
1 4.7081e+06 0
11 0 0
0 0 1
1 4.12306e+06 0
12 0 0
0 0 1
1 3.65345e+06 0
13 0 0
0 0 1
1 3.24311e+06 0
14 0 0
0 0 1
1 2.89283e+06 0
15 0 0
0 0 1
1 2.61036e+06 0
16 0 0
0 0 1
1 2.3683e+06 0
17 0 0
0 0 1
1 2.14428e+06 0
18 0 0
0 0 1
1 1.95426e+06 0
19 0 0
0 0 1
1 1.81276e+06 0
20 0 0
0 0 1
1 1.69883e+06 0
21 0 0
0 0 1
1 1.59017e+06 0
22 0 0
0 0 1
1 1.49725e+06 0
23 0 0
0 0 1
1 1.43705e+06 0
24 0 0
0 0 1
1 1.40201e+06 0
25 0 0
0 0 1
1 1.37881e+06 0
26 0 0
0 0 1
1 1.37136e+06 0
27 0 0
0 0 1
1 1.38269e+06 0
28 0 0
0 0 1
1 1.39738e+06 0
29 0 0
0 0 1
1 1.40251e+06 0
30 0 0
0 0 1
1 1.406e+06 0
-1 0 0
