91
1 0 0
0 0 1
1 1.11839e+07 0
2 0 0
0 0 1
1 1.00741e+07 0
3 0 0
0 0 1
1 8.75489e+06 0
4 0 0
0 0 1
1 7.41398e+06 0
5 0 0
0 0 1
1 6.19252e+06 0
6 0 0
0 0 1
1 5.12899e+06 0
7 0 0
0 0 1
1 4.22365e+06 0
8 0 0
0 0 1
1 3.48819e+06 0
9 0 0
0 0 1
1 2.92018e+06 0
10 0 0
0 0 1
1 2.48036e+06 0
11 0 0
0 0 1
1 2.12303e+06 0
12 0 0
0 0 1
1 1.82699e+06 0
13 0 0
0 0 1
1 1.58452e+06 0
14 0 0
0 0 1
1 1.38321e+06 0
15 0 0
0 0 1
1 1.21299e+06 0
16 0 0
0 0 1
1 1.07397e+06 0
17 0 0
0 0 1
1 964471 0
18 0 0
0 0 1
1 872892 0
19 0 0
0 0 1
1 789980 0
20 0 0
0 0 1
1 717984 0
21 0 0
0 0 1
1 660603 0
22 0 0
0 0 1
1 614337 0
23 0 0
0 0 1
1 576165 0
24 0 0
0 0 1
1 549873 0
25 0 0
0 0 1
1 538187 0
26 0 0
0 0 1
1 536614 0
27 0 0
0 0 1
1 540211 0
28 0 0
0 0 1
1 548991 0
29 0 0
0 0 1
1 562265 0
30 0 0
0 0 1
1 574749 0
-1 0 0
