91
1 0 0
0 0 1
1 2.31505e+06 0
2 0 0
0 0 1
1 1.9365e+06 0
3 0 0
0 0 1
1 1.57045e+06 0
4 0 0
0 0 1
1 1.25679e+06 0
5 0 0
0 0 1
1 1.01148e+06 0
6 0 0
0 0 1
1 826892 0
7 0 0
0 0 1
1 685853 0
8 0 0
0 0 1
1 576003 0
9 0 0
0 0 1
1 490312 0
10 0 0
0 0 1
1 421495 0
11 0 0
0 0 1
1 362886 0
12 0 0
0 0 1
1 312296 0
13 0 0
0 0 1
1 269979 0
14 0 0
0 0 1
1 234253 0
15 0 0
0 0 1
1 202591 0
16 0 0
0 0 1
1 175096 0
17 0 0
0 0 1
1 153168 0
18 0 0
0 0 1
1 135928 0
19 0 0
0 0 1
1 121098 0
20 0 0
0 0 1
1 108318 0
21 0 0
0 0 1
1 98647 0
22 0 0
0 0 1
1 91658 0
23 0 0
0 0 1
1 85753 0
24 0 0
0 0 1
1 80724 0
25 0 0
0 0 1
1 77487 0
26 0 0
0 0 1
1 75815 0
27 0 0
0 0 1
1 74682 0
28 0 0
0 0 1
1 74588 0
29 0 0
0 0 1
1 77407 0
30 0 0
0 0 1
1 83887 0
-1 0 0
