91
1 0 0
0 0 1
1 5.70414e+06 0
2 0 0
0 0 1
1 5.04567e+06 0
3 0 0
0 0 1
1 4.37215e+06 0
4 0 0
0 0 1
1 3.73009e+06 0
5 0 0
0 0 1
1 3.15392e+06 0
6 0 0
0 0 1
1 2.66075e+06 0
7 0 0
0 0 1
1 2.2511e+06 0
8 0 0
0 0 1
1 1.91572e+06 0
9 0 0
0 0 1
1 1.64283e+06 0
10 0 0
0 0 1
1 1.42071e+06 0
11 0 0
0 0 1
1 1.2377e+06 0
12 0 0
0 0 1
1 1.08401e+06 0
13 0 0
0 0 1
1 954061 0
14 0 0
0 0 1
1 844995 0
15 0 0
0 0 1
1 753241 0
16 0 0
0 0 1
1 674621 0
17 0 0
0 0 1
1 607451 0
18 0 0
0 0 1
1 552490 0
19 0 0
0 0 1
1 508951 0
20 0 0
0 0 1
1 473045 0
21 0 0
0 0 1
1 441673 0
22 0 0
0 0 1
1 415294 0
23 0 0
0 0 1
1 395364 0
24 0 0
0 0 1
1 380800 0
25 0 0
0 0 1
1 369336 0
26 0 0
0 0 1
1 361322 0
27 0 0
0 0 1
1 359473 0
28 0 0
0 0 1
1 364458 0
29 0 0
0 0 1
1 372449 0
30 0 0
0 0 1
1 377770 0
-1 0 0
