91
1 0 0
0 0 1
1 7.06348e+06 0
2 0 0
0 0 1
1 6.0348e+06 0
3 0 0
0 0 1
1 4.97148e+06 0
4 0 0
0 0 1
1 3.99903e+06 0
5 0 0
0 0 1
1 3.195e+06 0
6 0 0
0 0 1
1 2.56439e+06 0
7 0 0
0 0 1
1 2.07414e+06 0
8 0 0
0 0 1
1 1.69506e+06 0
9 0 0
0 0 1
1 1.40588e+06 0
10 0 0
0 0 1
1 1.18213e+06 0
11 0 0
0 0 1
1 1.00153e+06 0
12 0 0
0 0 1
1 853802 0
13 0 0
0 0 1
1 735012 0
14 0 0
0 0 1
1 638434 0
15 0 0
0 0 1
1 557564 0
16 0 0
0 0 1
1 491153 0
17 0 0
0 0 1
1 438343 0
18 0 0
0 0 1
1 394040 0
19 0 0
0 0 1
1 354342 0
20 0 0
0 0 1
1 321282 0
21 0 0
0 0 1
1 297217 0
22 0 0
0 0 1
1 279126 0
23 0 0
0 0 1
1 262983 0
24 0 0
0 0 1
1 249427 0
25 0 0
0 0 1
1 240753 0
26 0 0
0 0 1
1 236210 0
27 0 0
0 0 1
1 234614 0
28 0 0
0 0 1
1 238428 0
29 0 0
0 0 1
1 251057 0
30 0 0
0 0 1
1 271958 0
-1 0 0
