91
1 0 0
0 0 1
1 1.8271e+07 0
2 0 0
0 0 1
1 1.57063e+07 0
3 0 0
0 0 1
1 1.29942e+07 0
4 0 0
0 0 1
1 1.04863e+07 0
5 0 0
0 0 1
1 8.32917e+06 0
6 0 0
0 0 1
1 6.60423e+06 0
7 0 0
0 0 1
1 5.32726e+06 0
8 0 0
0 0 1
1 4.41007e+06 0
9 0 0
0 0 1
1 3.72807e+06 0
10 0 0
0 0 1
1 3.20914e+06 0
11 0 0
0 0 1
1 2.82131e+06 0
12 0 0
0 0 1
1 2.51941e+06 0
13 0 0
0 0 1
1 2.25659e+06 0
14 0 0
0 0 1
1 2.02271e+06 0
15 0 0
0 0 1
1 1.82786e+06 0
16 0 0
0 0 1
1 1.66405e+06 0
17 0 0
0 0 1
1 1.5144e+06 0
18 0 0
0 0 1
1 1.38179e+06 0
19 0 0
0 0 1
1 1.27722e+06 0
20 0 0
0 0 1
1 1.19337e+06 0
21 0 0
0 0 1
1 1.11575e+06 0
22 0 0
0 0 1
1 1.04723e+06 0
23 0 0
0 0 1
1 997809 0
24 0 0
0 0 1
1 962120 0
25 0 0
0 0 1
1 928950 0
26 0 0
0 0 1
1 902177 0
27 0 0
0 0 1
1 892150 0
28 0 0
0 0 1
1 896340 0
29 0 0
0 0 1
1 906582 0
30 0 0
0 0 1
1 924992 0
-1 0 0
