91
1 0 0
0 0 1
1 8.45128e+06 0
2 0 0
0 0 1
1 6.91989e+06 0
3 0 0
0 0 1
1 5.35869e+06 0
4 0 0
0 0 1
1 4.01344e+06 0
5 0 0
0 0 1
1 3.01704e+06 0
6 0 0
0 0 1
1 2.3378e+06 0
7 0 0
0 0 1
1 1.86538e+06 0
8 0 0
0 0 1
1 1.52285e+06 0
9 0 0
0 0 1
1 1.27976e+06 0
10 0 0
0 0 1
1 1.10503e+06 0
11 0 0
0 0 1
1 960998 0
12 0 0
0 0 1
1 833252 0
13 0 0
0 0 1
1 728064 0
14 0 0
0 0 1
1 642799 0
15 0 0
0 0 1
1 564494 0
16 0 0
0 0 1
1 492322 0
17 0 0
0 0 1
1 436277 0
18 0 0
0 0 1
1 395460 0
19 0 0
0 0 1
1 358465 0
20 0 0
0 0 1
1 323413 0
21 0 0
0 0 1
1 298449 0
22 0 0
0 0 1
1 283483 0
23 0 0
0 0 1
1 269111 0
24 0 0
0 0 1
1 253466 0
25 0 0
0 0 1
1 244051 0
26 0 0
0 0 1
1 242412 0
27 0 0
0 0 1
1 241773 0
28 0 0
0 0 1
1 240973 0
29 0 0
0 0 1
1 247328 0
30 0 0
0 0 1
1 264084 0
-1 0 0
