91
1 0 0
0 0 1
1 1.13176e+07 0
2 0 0
0 0 1
1 9.73641e+06 0
3 0 0
0 0 1
1 8.27665e+06 0
4 0 0
0 0 1
1 7.04686e+06 0
5 0 0
0 0 1
1 6.05017e+06 0
6 0 0
0 0 1
1 5.22906e+06 0
7 0 0
0 0 1
1 4.53277e+06 0
8 0 0
0 0 1
1 3.94679e+06 0
9 0 0
0 0 1
1 3.46594e+06 0
10 0 0
0 0 1
1 3.06705e+06 0
11 0 0
0 0 1
1 2.72267e+06 0
12 0 0
0 0 1
1 2.42339e+06 0
13 0 0
0 0 1
1 2.16968e+06 0
14 0 0
0 0 1
1 1.95323e+06 0
15 0 0
0 0 1
1 1.76202e+06 0
16 0 0
0 0 1
1 1.5949e+06 0
17 0 0
0 0 1
1 1.45604e+06 0
18 0 0
0 0 1
1 1.34012e+06 0
19 0 0
0 0 1
1 1.23583e+06 0
20 0 0
0 0 1
1 1.14008e+06 0
21 0 0
0 0 1
1 1.05748e+06 0
22 0 0
0 0 1
1 988853 0
23 0 0
0 0 1
1 930422 0
24 0 0
0 0 1
1 881540 0
25 0 0
0 0 1
1 844098 0
26 0 0
0 0 1
1 815956 0
27 0 0
0 0 1
1 792924 0
28 0 0
0 0 1
1 775637 0
29 0 0
0 0 1
1 767561 0
30 0 0
0 0 1
1 768063 0
-1 0 0
