91
1 0 0
0 0 1
1 6.21691e+06 0
2 0 0
0 0 1
1 5.29973e+06 0
3 0 0
0 0 1
1 4.38544e+06 0
4 0 0
0 0 1
1 3.56718e+06 0
5 0 0
0 0 1
1 2.89332e+06 0
6 0 0
0 0 1
1 2.36856e+06 0
7 0 0
0 0 1
1 1.96838e+06 0
8 0 0
0 0 1
1 1.6616e+06 0
9 0 0
0 0 1
1 1.42445e+06 0
10 0 0
0 0 1
1 1.23978e+06 0
11 0 0
0 0 1
1 1.09276e+06 0
12 0 0
0 0 1
1 971752 0
13 0 0
0 0 1
1 869841 0
14 0 0
0 0 1
1 782531 0
15 0 0
0 0 1
1 706055 0
16 0 0
0 0 1
1 639091 0
17 0 0
0 0 1
1 582882 0
18 0 0
0 0 1
1 537358 0
19 0 0
0 0 1
1 499230 0
20 0 0
0 0 1
1 465561 0
21 0 0
0 0 1
1 436811 0
22 0 0
0 0 1
1 414327 0
23 0 0
0 0 1
1 396916 0
24 0 0
0 0 1
1 382281 0
25 0 0
0 0 1
1 370450 0
26 0 0
0 0 1
1 363437 0
27 0 0
0 0 1
1 362180 0
28 0 0
0 0 1
1 365607 0
29 0 0
0 0 1
1 372151 0
30 0 0
0 0 1
1 380575 0
-1 0 0
