91
1 0 0
0 0 1
1 6.38429e+06 0
2 0 0
0 0 1
1 5.61197e+06 0
3 0 0
0 0 1
1 4.7831e+06 0
4 0 0
0 0 1
1 3.96758e+06 0
5 0 0
0 0 1
1 3.25662e+06 0
6 0 0
0 0 1
1 2.69159e+06 0
7 0 0
0 0 1
1 2.24789e+06 0
8 0 0
0 0 1
1 1.89092e+06 0
9 0 0
0 0 1
1 1.61104e+06 0
10 0 0
0 0 1
1 1.40101e+06 0
11 0 0
0 0 1
1 1.23678e+06 0
12 0 0
0 0 1
1 1.09712e+06 0
13 0 0
0 0 1
1 979946 0
14 0 0
0 0 1
1 886763 0
15 0 0
0 0 1
1 808118 0
16 0 0
0 0 1
1 735139 0
17 0 0
0 0 1
1 671087 0
18 0 0
0 0 1
1 621092 0
19 0 0
0 0 1
1 581388 0
20 0 0
0 0 1
1 546743 0
21 0 0
0 0 1
1 518363 0
22 0 0
0 0 1
1 496989 0
23 0 0
0 0 1
1 477422 0
24 0 0
0 0 1
1 456980 0
25 0 0
0 0 1
1 441181 0
26 0 0
0 0 1
1 434432 0
27 0 0
0 0 1
1 432389 0
28 0 0
0 0 1
1 429562 0
29 0 0
0 0 1
1 427692 0
30 0 0
0 0 1
1 430846 0
-1 0 0
