91
1 0 0
0 0 1
1 7.43761e+06 0
2 0 0
0 0 1
1 6.75699e+06 0
3 0 0
0 0 1
1 6.04356e+06 0
4 0 0
0 0 1
1 5.30427e+06 0
5 0 0
0 0 1
1 4.56655e+06 0
6 0 0
0 0 1
1 3.87345e+06 0
7 0 0
0 0 1
1 3.26038e+06 0
8 0 0
0 0 1
1 2.74047e+06 0
9 0 0
0 0 1
1 2.30682e+06 0
10 0 0
0 0 1
1 1.94474e+06 0
11 0 0
0 0 1
1 1.6428e+06 0
12 0 0
0 0 1
1 1.39454e+06 0
13 0 0
0 0 1
1 1.19303e+06 0
14 0 0
0 0 1
1 1.02811e+06 0
15 0 0
0 0 1
1 890846 0
16 0 0
0 0 1
1 777631 0
17 0 0
0 0 1
1 687232 0
18 0 0
0 0 1
1 615600 0
19 0 0
0 0 1
1 556308 0
20 0 0
0 0 1
1 504872 0
21 0 0
0 0 1
1 459988 0
22 0 0
0 0 1
1 421386 0
23 0 0
0 0 1
1 388989 0
24 0 0
0 0 1
1 363694 0
25 0 0
0 0 1
1 346406 0
26 0 0
0 0 1
1 336188 0
27 0 0
0 0 1
1 331250 0
28 0 0
0 0 1
1 331601 0
29 0 0
0 0 1
1 338459 0
30 0 0
0 0 1
1 350551 0
-1 0 0
