91
1 0 0
0 0 1
1 8.27333e+06 0
2 0 0
0 0 1
1 7.11201e+06 0
3 0 0
0 0 1
1 5.9471e+06 0
4 0 0
0 0 1
1 4.89411e+06 0
5 0 0
0 0 1
1 4.01287e+06 0
6 0 0
0 0 1
1 3.30745e+06 0
7 0 0
0 0 1
1 2.74992e+06 0
8 0 0
0 0 1
1 2.30845e+06 0
9 0 0
0 0 1
1 1.95649e+06 0
10 0 0
0 0 1
1 1.67027e+06 0
11 0 0
0 0 1
1 1.43137e+06 0
12 0 0
0 0 1
1 1.231e+06 0
13 0 0
0 0 1
1 1.06542e+06 0
14 0 0
0 0 1
1 928324 0
15 0 0
0 0 1
1 812157 0
16 0 0
0 0 1
1 713862 0
17 0 0
0 0 1
1 633564 0
18 0 0
0 0 1
1 568775 0
19 0 0
0 0 1
1 514558 0
20 0 0
0 0 1
1 468383 0
21 0 0
0 0 1
1 430552 0
22 0 0
0 0 1
1 400473 0
23 0 0
0 0 1
1 376261 0
24 0 0
0 0 1
1 357503 0
25 0 0
0 0 1
1 344923 0
26 0 0
0 0 1
1 337625 0
27 0 0
0 0 1
1 333964 0
28 0 0
0 0 1
1 335077 0
29 0 0
0 0 1
1 344368 0
30 0 0
0 0 1
1 362734 0
-1 0 0
