91
1 0 0
0 0 1
1 6.88304e+06 0
2 0 0
0 0 1
1 5.82108e+06 0
3 0 0
0 0 1
1 4.79902e+06 0
4 0 0
0 0 1
1 3.91205e+06 0
5 0 0
0 0 1
1 3.16375e+06 0
6 0 0
0 0 1
1 2.55492e+06 0
7 0 0
0 0 1
1 2.08898e+06 0
8 0 0
0 0 1
1 1.74005e+06 0
9 0 0
0 0 1
1 1.46786e+06 0
10 0 0
0 0 1
1 1.25251e+06 0
11 0 0
0 0 1
1 1.08847e+06 0
12 0 0
0 0 1
1 959984 0
13 0 0
0 0 1
1 847633 0
14 0 0
0 0 1
1 748727 0
15 0 0
0 0 1
1 669854 0
16 0 0
0 0 1
1 606869 0
17 0 0
0 0 1
1 549434 0
18 0 0
0 0 1
1 497685 0
19 0 0
0 0 1
1 457973 0
20 0 0
0 0 1
1 427863 0
21 0 0
0 0 1
1 399780 0
22 0 0
0 0 1
1 374360 0
23 0 0
0 0 1
1 356947 0
24 0 0
0 0 1
1 345438 0
25 0 0
0 0 1
1 333990 0
26 0 0
0 0 1
1 324777 0
27 0 0
0 0 1
1 324309 0
28 0 0
0 0 1
1 331200 0
29 0 0
0 0 1
1 338415 0
30 0 0
0 0 1
1 344902 0
-1 0 0
