91
1 0 0
0 0 1
1 6.21408e+06 0
2 0 0
0 0 1
1 5.54882e+06 0
3 0 0
0 0 1
1 4.84369e+06 0
4 0 0
0 0 1
1 4.15249e+06 0
5 0 0
0 0 1
1 3.50392e+06 0
6 0 0
0 0 1
1 2.9176e+06 0
7 0 0
0 0 1
1 2.4178e+06 0
8 0 0
0 0 1
1 2.01362e+06 0
9 0 0
0 0 1
1 1.68631e+06 0
10 0 0
0 0 1
1 1.41244e+06 0
11 0 0
0 0 1
1 1.18535e+06 0
12 0 0
0 0 1
1 1.00324e+06 0
13 0 0
0 0 1
1 853370 0
14 0 0
0 0 1
1 722682 0
15 0 0
0 0 1
1 612160 0
16 0 0
0 0 1
1 527103 0
17 0 0
0 0 1
1 461983 0
18 0 0
0 0 1
1 406503 0
19 0 0
0 0 1
1 359025 0
20 0 0
0 0 1
1 323169 0
21 0 0
0 0 1
1 297092 0
22 0 0
0 0 1
1 275765 0
23 0 0
0 0 1
1 259010 0
24 0 0
0 0 1
1 248873 0
25 0 0
0 0 1
1 243259 0
26 0 0
0 0 1
1 239453 0
27 0 0
0 0 1
1 240019 0
28 0 0
0 0 1
1 248697 0
29 0 0
0 0 1
1 264034 0
30 0 0
0 0 1
1 282190 0
-1 0 0
