91
1 0 0
0 0 1
1 7.21018e+06 0
2 0 0
0 0 1
1 6.31783e+06 0
3 0 0
0 0 1
1 5.3677e+06 0
4 0 0
0 0 1
1 4.47048e+06 0
5 0 0
0 0 1
1 3.68398e+06 0
6 0 0
0 0 1
1 3.01431e+06 0
7 0 0
0 0 1
1 2.45342e+06 0
8 0 0
0 0 1
1 2.00005e+06 0
9 0 0
0 0 1
1 1.64705e+06 0
10 0 0
0 0 1
1 1.37192e+06 0
11 0 0
0 0 1
1 1.15126e+06 0
12 0 0
0 0 1
1 973907 0
13 0 0
0 0 1
1 833710 0
14 0 0
0 0 1
1 720525 0
15 0 0
0 0 1
1 625791 0
16 0 0
0 0 1
1 548443 0
17 0 0
0 0 1
1 488215 0
18 0 0
0 0 1
1 439543 0
19 0 0
0 0 1
1 397484 0
20 0 0
0 0 1
1 363177 0
21 0 0
0 0 1
1 337981 0
22 0 0
0 0 1
1 317991 0
23 0 0
0 0 1
1 299530 0
24 0 0
0 0 1
1 284875 0
25 0 0
0 0 1
1 277491 0
26 0 0
0 0 1
1 276196 0
27 0 0
0 0 1
1 278557 0
28 0 0
0 0 1
1 285429 0
29 0 0
0 0 1
1 297363 0
30 0 0
0 0 1
1 310436 0
-1 0 0
