91
1 0 0
0 0 1
1 1.34697e+07 0
2 0 0
0 0 1
1 1.12513e+07 0
3 0 0
0 0 1
1 8.92047e+06 0
4 0 0
0 0 1
1 6.88948e+06 0
5 0 0
0 0 1
1 5.36637e+06 0
6 0 0
0 0 1
1 4.2899e+06 0
7 0 0
0 0 1
1 3.50719e+06 0
8 0 0
0 0 1
1 2.93208e+06 0
9 0 0
0 0 1
1 2.5245e+06 0
10 0 0
0 0 1
1 2.22252e+06 0
11 0 0
0 0 1
1 1.96549e+06 0
12 0 0
0 0 1
1 1.74134e+06 0
13 0 0
0 0 1
1 1.56052e+06 0
14 0 0
0 0 1
1 1.40994e+06 0
15 0 0
0 0 1
1 1.26804e+06 0
16 0 0
0 0 1
1 1.13931e+06 0
17 0 0
0 0 1
1 1.03878e+06 0
18 0 0
0 0 1
1 959935 0
19 0 0
0 0 1
1 886766 0
20 0 0
0 0 1
1 821340 0
21 0 0
0 0 1
1 773682 0
22 0 0
0 0 1
1 738127 0
23 0 0
0 0 1
1 703250 0
24 0 0
0 0 1
1 673086 0
25 0 0
0 0 1
1 657150 0
26 0 0
0 0 1
1 650498 0
27 0 0
0 0 1
1 643667 0
28 0 0
0 0 1
1 642207 0
29 0 0
0 0 1
1 657243 0
30 0 0
0 0 1
1 685241 0
-1 0 0
