91
1 0 0
0 0 1
1 1.57992e+07 0
2 0 0
0 0 1
1 1.36958e+07 0
3 0 0
0 0 1
1 1.12323e+07 0
4 0 0
0 0 1
1 8.9676e+06 0
5 0 0
0 0 1
1 7.21785e+06 0
6 0 0
0 0 1
1 5.93354e+06 0
7 0 0
0 0 1
1 4.9417e+06 0
8 0 0
0 0 1
1 4.16554e+06 0
9 0 0
0 0 1
1 3.58631e+06 0
10 0 0
0 0 1
1 3.14256e+06 0
11 0 0
0 0 1
1 2.76498e+06 0
12 0 0
0 0 1
1 2.44429e+06 0
13 0 0
0 0 1
1 2.19445e+06 0
14 0 0
0 0 1
1 1.99196e+06 0
15 0 0
0 0 1
1 1.80324e+06 0
16 0 0
0 0 1
1 1.63323e+06 0
17 0 0
0 0 1
1 1.5001e+06 0
18 0 0
0 0 1
1 1.39246e+06 0
19 0 0
0 0 1
1 1.29078e+06 0
20 0 0
0 0 1
1 1.20342e+06 0
21 0 0
0 0 1
1 1.14484e+06 0
22 0 0
0 0 1
1 1.1017e+06 0
23 0 0
0 0 1
1 1.05376e+06 0
24 0 0
0 0 1
1 1.00725e+06 0
25 0 0
0 0 1
1 977293 0
26 0 0
0 0 1
1 957041 0
27 0 0
0 0 1
1 932786 0
28 0 0
0 0 1
1 912622 0
29 0 0
0 0 1
1 912902 0
30 0 0
0 0 1
1 931089 0
-1 0 0
