91
1 0 0
0 0 1
1 1.79665e+07 0
2 0 0
0 0 1
1 1.54055e+07 0
3 0 0
0 0 1
1 1.25209e+07 0
4 0 0
0 0 1
1 9.78687e+06 0
5 0 0
0 0 1
1 7.5145e+06 0
6 0 0
0 0 1
1 5.78521e+06 0
7 0 0
0 0 1
1 4.5307e+06 0
8 0 0
0 0 1
1 3.63777e+06 0
9 0 0
0 0 1
1 2.99804e+06 0
10 0 0
0 0 1
1 2.5224e+06 0
11 0 0
0 0 1
1 2.15186e+06 0
12 0 0
0 0 1
1 1.85628e+06 0
13 0 0
0 0 1
1 1.61651e+06 0
14 0 0
0 0 1
1 1.4134e+06 0
15 0 0
0 0 1
1 1.23492e+06 0
16 0 0
0 0 1
1 1.08121e+06 0
17 0 0
0 0 1
1 955169 0
18 0 0
0 0 1
1 853381 0
19 0 0
0 0 1
1 769784 0
20 0 0
0 0 1
1 701108 0
21 0 0
0 0 1
1 644537 0
22 0 0
0 0 1
1 595689 0
23 0 0
0 0 1
1 553089 0
24 0 0
0 0 1
1 520330 0
25 0 0
0 0 1
1 500560 0
26 0 0
0 0 1
1 492373 0
27 0 0
0 0 1
1 493525 0
28 0 0
0 0 1
1 504881 0
29 0 0
0 0 1
1 528035 0
30 0 0
0 0 1
1 561730 0
-1 0 0
