91
1 0 0
0 0 1
1 3.39396e+06 0
2 0 0
0 0 1
1 2.98681e+06 0
3 0 0
0 0 1
1 2.55584e+06 0
4 0 0
0 0 1
1 2.15762e+06 0
5 0 0
0 0 1
1 1.81159e+06 0
6 0 0
0 0 1
1 1.51743e+06 0
7 0 0
0 0 1
1 1.27526e+06 0
8 0 0
0 0 1
1 1.08164e+06 0
9 0 0
0 0 1
1 924120 0
10 0 0
0 0 1
1 791213 0
11 0 0
0 0 1
1 679984 0
12 0 0
0 0 1
1 589027 0
13 0 0
0 0 1
1 512302 0
14 0 0
0 0 1
1 444747 0
15 0 0
0 0 1
1 387011 0
16 0 0
0 0 1
1 340086 0
17 0 0
0 0 1
1 300822 0
18 0 0
0 0 1
1 266341 0
19 0 0
0 0 1
1 237671 0
20 0 0
0 0 1
1 215583 0
21 0 0
0 0 1
1 197399 0
22 0 0
0 0 1
1 181062 0
23 0 0
0 0 1
1 168240 0
24 0 0
0 0 1
1 160471 0
25 0 0
0 0 1
1 155941 0
26 0 0
0 0 1
1 152800 0
27 0 0
0 0 1
1 152338 0
28 0 0
0 0 1
1 156196 0
29 0 0
0 0 1
1 163062 0
30 0 0
0 0 1
1 170170 0
-1 0 0
