91
1 0 0
0 0 1
1 1.58666e+07 0
2 0 0
0 0 1
1 1.38922e+07 0
3 0 0
0 0 1
1 1.17414e+07 0
4 0 0
0 0 1
1 9.7251e+06 0
5 0 0
0 0 1
1 7.95719e+06 0
6 0 0
0 0 1
1 6.46016e+06 0
7 0 0
0 0 1
1 5.2496e+06 0
8 0 0
0 0 1
1 4.30932e+06 0
9 0 0
0 0 1
1 3.57444e+06 0
10 0 0
0 0 1
1 2.98308e+06 0
11 0 0
0 0 1
1 2.51118e+06 0
12 0 0
0 0 1
1 2.14315e+06 0
13 0 0
0 0 1
1 1.84743e+06 0
14 0 0
0 0 1
1 1.5983e+06 0
15 0 0
0 0 1
1 1.39247e+06 0
16 0 0
0 0 1
1 1.22852e+06 0
17 0 0
0 0 1
1 1.09274e+06 0
18 0 0
0 0 1
1 975785 0
19 0 0
0 0 1
1 881544 0
20 0 0
0 0 1
1 809566 0
21 0 0
0 0 1
1 747805 0
22 0 0
0 0 1
1 690666 0
23 0 0
0 0 1
1 645947 0
24 0 0
0 0 1
1 616423 0
25 0 0
0 0 1
1 592007 0
26 0 0
0 0 1
1 567980 0
27 0 0
0 0 1
1 555180 0
28 0 0
0 0 1
1 564010 0
29 0 0
0 0 1
1 591187 0
30 0 0
0 0 1
1 627763 0
-1 0 0
