91
1 0 0
0 0 1
1 7.4498e+06 0
2 0 0
0 0 1
1 6.54467e+06 0
3 0 0
0 0 1
1 5.59177e+06 0
4 0 0
0 0 1
1 4.66074e+06 0
5 0 0
0 0 1
1 3.84252e+06 0
6 0 0
0 0 1
1 3.17062e+06 0
7 0 0
0 0 1
1 2.62022e+06 0
8 0 0
0 0 1
1 2.16876e+06 0
9 0 0
0 0 1
1 1.81352e+06 0
10 0 0
0 0 1
1 1.54022e+06 0
11 0 0
0 0 1
1 1.31803e+06 0
12 0 0
0 0 1
1 1.12956e+06 0
13 0 0
0 0 1
1 977070 0
14 0 0
0 0 1
1 857409 0
15 0 0
0 0 1
1 755414 0
16 0 0
0 0 1
1 664026 0
17 0 0
0 0 1
1 589045 0
18 0 0
0 0 1
1 530917 0
19 0 0
0 0 1
1 480111 0
20 0 0
0 0 1
1 433018 0
21 0 0
0 0 1
1 395707 0
22 0 0
0 0 1
1 369133 0
23 0 0
0 0 1
1 345591 0
24 0 0
0 0 1
1 322648 0
25 0 0
0 0 1
1 307151 0
26 0 0
0 0 1
1 302530 0
27 0 0
0 0 1
1 304132 0
28 0 0
0 0 1
1 309473 0
29 0 0
0 0 1
1 321710 0
30 0 0
0 0 1
1 340199 0
-1 0 0
