91
1 0 0
0 0 1
1 6.1399e+06 0
2 0 0
0 0 1
1 5.47468e+06 0
3 0 0
0 0 1
1 4.75957e+06 0
4 0 0
0 0 1
1 4.07443e+06 0
5 0 0
0 0 1
1 3.48233e+06 0
6 0 0
0 0 1
1 3.00005e+06 0
7 0 0
0 0 1
1 2.60536e+06 0
8 0 0
0 0 1
1 2.27226e+06 0
9 0 0
0 0 1
1 1.98978e+06 0
10 0 0
0 0 1
1 1.75274e+06 0
11 0 0
0 0 1
1 1.55187e+06 0
12 0 0
0 0 1
1 1.3782e+06 0
13 0 0
0 0 1
1 1.22813e+06 0
14 0 0
0 0 1
1 1.09957e+06 0
15 0 0
0 0 1
1 988521 0
16 0 0
0 0 1
1 891982 0
17 0 0
0 0 1
1 809451 0
18 0 0
0 0 1
1 739539 0
19 0 0
0 0 1
1 678867 0
20 0 0
0 0 1
1 625616 0
21 0 0
0 0 1
1 580470 0
22 0 0
0 0 1
1 542945 0
23 0 0
0 0 1
1 510305 0
24 0 0
0 0 1
1 481042 0
25 0 0
0 0 1
1 456034 0
26 0 0
0 0 1
1 435372 0
27 0 0
0 0 1
1 417544 0
28 0 0
0 0 1
1 402829 0
29 0 0
0 0 1
1 394015 0
30 0 0
0 0 1
1 392093 0
-1 0 0
