91
1 0 0
0 0 1
1 5.24218e+06 0
2 0 0
0 0 1
1 4.41544e+06 0
3 0 0
0 0 1
1 3.5652e+06 0
4 0 0
0 0 1
1 2.82152e+06 0
5 0 0
0 0 1
1 2.23044e+06 0
6 0 0
0 0 1
1 1.77438e+06 0
7 0 0
0 0 1
1 1.42588e+06 0
8 0 0
0 0 1
1 1.16609e+06 0
9 0 0
0 0 1
1 973622 0
10 0 0
0 0 1
1 824530 0
11 0 0
0 0 1
1 704741 0
12 0 0
0 0 1
1 609465 0
13 0 0
0 0 1
1 531861 0
14 0 0
0 0 1
1 462986 0
15 0 0
0 0 1
1 400977 0
16 0 0
0 0 1
1 349937 0
17 0 0
0 0 1
1 309886 0
18 0 0
0 0 1
1 275679 0
19 0 0
0 0 1
1 245136 0
20 0 0
0 0 1
1 220744 0
21 0 0
0 0 1
1 203383 0
22 0 0
0 0 1
1 190677 0
23 0 0
0 0 1
1 181333 0
24 0 0
0 0 1
1 175524 0
25 0 0
0 0 1
1 171489 0
26 0 0
0 0 1
1 167137 0
27 0 0
0 0 1
1 164447 0
28 0 0
0 0 1
1 166953 0
29 0 0
0 0 1
1 173326 0
30 0 0
0 0 1
1 178564 0
-1 0 0
