91
1 0 0
0 0 1
1 8.07773e+06 0
2 0 0
0 0 1
1 6.54306e+06 0
3 0 0
0 0 1
1 5.08265e+06 0
4 0 0
0 0 1
1 3.89418e+06 0
5 0 0
0 0 1
1 3.00267e+06 0
6 0 0
0 0 1
1 2.35254e+06 0
7 0 0
0 0 1
1 1.88451e+06 0
8 0 0
0 0 1
1 1.55024e+06 0
9 0 0
0 0 1
1 1.30551e+06 0
10 0 0
0 0 1
1 1.11642e+06 0
11 0 0
0 0 1
1 965369 0
12 0 0
0 0 1
1 842591 0
13 0 0
0 0 1
1 737926 0
14 0 0
0 0 1
1 644704 0
15 0 0
0 0 1
1 563715 0
16 0 0
0 0 1
1 496921 0
17 0 0
0 0 1
1 441438 0
18 0 0
0 0 1
1 393571 0
19 0 0
0 0 1
1 353904 0
20 0 0
0 0 1
1 323764 0
21 0 0
0 0 1
1 300306 0
22 0 0
0 0 1
1 279581 0
23 0 0
0 0 1
1 261742 0
24 0 0
0 0 1
1 249086 0
25 0 0
0 0 1
1 240995 0
26 0 0
0 0 1
1 234773 0
27 0 0
0 0 1
1 230195 0
28 0 0
0 0 1
1 229679 0
29 0 0
0 0 1
1 234615 0
30 0 0
0 0 1
1 244492 0
-1 0 0
