91
1 0 0
0 0 1
1 1.62738e+07 0
2 0 0
0 0 1
1 1.42696e+07 0
3 0 0
0 0 1
1 1.21617e+07 0
4 0 0
0 0 1
1 1.00161e+07 0
5 0 0
0 0 1
1 8.05032e+06 0
6 0 0
0 0 1
1 6.43037e+06 0
7 0 0
0 0 1
1 5.15555e+06 0
8 0 0
0 0 1
1 4.15444e+06 0
9 0 0
0 0 1
1 3.38471e+06 0
10 0 0
0 0 1
1 2.80924e+06 0
11 0 0
0 0 1
1 2.3619e+06 0
12 0 0
0 0 1
1 1.98913e+06 0
13 0 0
0 0 1
1 1.68356e+06 0
14 0 0
0 0 1
1 1.44716e+06 0
15 0 0
0 0 1
1 1.25719e+06 0
16 0 0
0 0 1
1 1.0918e+06 0
17 0 0
0 0 1
1 955199 0
18 0 0
0 0 1
1 853757 0
19 0 0
0 0 1
1 773242 0
20 0 0
0 0 1
1 699249 0
21 0 0
0 0 1
1 636888 0
22 0 0
0 0 1
1 592785 0
23 0 0
0 0 1
1 558359 0
24 0 0
0 0 1
1 526869 0
25 0 0
0 0 1
1 508003 0
26 0 0
0 0 1
1 510206 0
27 0 0
0 0 1
1 525146 0
28 0 0
0 0 1
1 543832 0
29 0 0
0 0 1
1 572869 0
30 0 0
0 0 1
1 620355 0
-1 0 0
