91
1 0 0
0 0 1
1 7.67407e+06 0
2 0 0
0 0 1
1 6.62734e+06 0
3 0 0
0 0 1
1 5.50828e+06 0
4 0 0
0 0 1
1 4.48294e+06 0
5 0 0
0 0 1
1 3.62767e+06 0
6 0 0
0 0 1
1 2.94841e+06 0
7 0 0
0 0 1
1 2.4187e+06 0
8 0 0
0 0 1
1 2.00702e+06 0
9 0 0
0 0 1
1 1.68536e+06 0
10 0 0
0 0 1
1 1.42954e+06 0
11 0 0
0 0 1
1 1.22104e+06 0
12 0 0
0 0 1
1 1.04869e+06 0
13 0 0
0 0 1
1 906355 0
14 0 0
0 0 1
1 789115 0
15 0 0
0 0 1
1 692237 0
16 0 0
0 0 1
1 612106 0
17 0 0
0 0 1
1 546023 0
18 0 0
0 0 1
1 491338 0
19 0 0
0 0 1
1 445743 0
20 0 0
0 0 1
1 407957 0
21 0 0
0 0 1
1 377248 0
22 0 0
0 0 1
1 352570 0
23 0 0
0 0 1
1 332678 0
24 0 0
0 0 1
1 316741 0
25 0 0
0 0 1
1 304508 0
26 0 0
0 0 1
1 296232 0
27 0 0
0 0 1
1 292463 0
28 0 0
0 0 1
1 293439 0
29 0 0
0 0 1
1 298857 0
30 0 0
0 0 1
1 308819 0
-1 0 0
