91
1 0 0
0 0 1
1 6.47183e+06 0
2 0 0
0 0 1
1 5.77218e+06 0
3 0 0
0 0 1
1 5.05611e+06 0
4 0 0
0 0 1
1 4.34962e+06 0
5 0 0
0 0 1
1 3.71916e+06 0
6 0 0
0 0 1
1 3.18653e+06 0
7 0 0
0 0 1
1 2.73136e+06 0
8 0 0
0 0 1
1 2.34358e+06 0
9 0 0
0 0 1
1 2.02693e+06 0
10 0 0
0 0 1
1 1.76997e+06 0
11 0 0
0 0 1
1 1.55135e+06 0
12 0 0
0 0 1
1 1.36491e+06 0
13 0 0
0 0 1
1 1.21414e+06 0
14 0 0
0 0 1
1 1.09056e+06 0
15 0 0
0 0 1
1 979304 0
16 0 0
0 0 1
1 878472 0
17 0 0
0 0 1
1 794059 0
18 0 0
0 0 1
1 722255 0
19 0 0
0 0 1
1 653655 0
20 0 0
0 0 1
1 589346 0
21 0 0
0 0 1
1 537089 0
22 0 0
0 0 1
1 495790 0
23 0 0
0 0 1
1 457779 0
24 0 0
0 0 1
1 422829 0
25 0 0
0 0 1
1 396848 0
26 0 0
0 0 1
1 379621 0
27 0 0
0 0 1
1 366007 0
28 0 0
0 0 1
1 357317 0
29 0 0
0 0 1
1 360253 0
30 0 0
0 0 1
1 375177 0
-1 0 0
