91
1 0 0
0 0 1
1 8.17965e+06 0
2 0 0
0 0 1
1 7.03909e+06 0
3 0 0
0 0 1
1 5.98982e+06 0
4 0 0
0 0 1
1 5.05774e+06 0
5 0 0
0 0 1
1 4.23211e+06 0
6 0 0
0 0 1
1 3.52962e+06 0
7 0 0
0 0 1
1 2.95705e+06 0
8 0 0
0 0 1
1 2.48471e+06 0
9 0 0
0 0 1
1 2.08279e+06 0
10 0 0
0 0 1
1 1.74852e+06 0
11 0 0
0 0 1
1 1.48193e+06 0
12 0 0
0 0 1
1 1.26477e+06 0
13 0 0
0 0 1
1 1.07978e+06 0
14 0 0
0 0 1
1 927648 0
15 0 0
0 0 1
1 810041 0
16 0 0
0 0 1
1 714494 0
17 0 0
0 0 1
1 629006 0
18 0 0
0 0 1
1 555758 0
19 0 0
0 0 1
1 498701 0
20 0 0
0 0 1
1 451256 0
21 0 0
0 0 1
1 406886 0
22 0 0
0 0 1
1 369497 0
23 0 0
0 0 1
1 343312 0
24 0 0
0 0 1
1 323029 0
25 0 0
0 0 1
1 303021 0
26 0 0
0 0 1
1 286749 0
27 0 0
0 0 1
1 279021 0
28 0 0
0 0 1
1 277948 0
29 0 0
0 0 1
1 281913 0
30 0 0
0 0 1
1 295346 0
-1 0 0
