91
1 0 0
0 0 1
1 6.75107e+06 0
2 0 0
0 0 1
1 5.98406e+06 0
3 0 0
0 0 1
1 5.11104e+06 0
4 0 0
0 0 1
1 4.26361e+06 0
5 0 0
0 0 1
1 3.53688e+06 0
6 0 0
0 0 1
1 2.93848e+06 0
7 0 0
0 0 1
1 2.44334e+06 0
8 0 0
0 0 1
1 2.0416e+06 0
9 0 0
0 0 1
1 1.72436e+06 0
10 0 0
0 0 1
1 1.46724e+06 0
11 0 0
0 0 1
1 1.2498e+06 0
12 0 0
0 0 1
1 1.06936e+06 0
13 0 0
0 0 1
1 924428 0
14 0 0
0 0 1
1 803276 0
15 0 0
0 0 1
1 697850 0
16 0 0
0 0 1
1 611804 0
17 0 0
0 0 1
1 546378 0
18 0 0
0 0 1
1 492229 0
19 0 0
0 0 1
1 442253 0
20 0 0
0 0 1
1 399904 0
21 0 0
0 0 1
1 368512 0
22 0 0
0 0 1
1 343597 0
23 0 0
0 0 1
1 321501 0
24 0 0
0 0 1
1 305343 0
25 0 0
0 0 1
1 296989 0
26 0 0
0 0 1
1 292337 0
27 0 0
0 0 1
1 289493 0
28 0 0
0 0 1
1 293120 0
29 0 0
0 0 1
1 305912 0
30 0 0
0 0 1
1 322931 0
-1 0 0
