91
1 0 0
0 0 1
1 1.28378e+07 0
2 0 0
0 0 1
1 1.12049e+07 0
3 0 0
0 0 1
1 9.50478e+06 0
4 0 0
0 0 1
1 7.84059e+06 0
5 0 0
0 0 1
1 6.31728e+06 0
6 0 0
0 0 1
1 5.04791e+06 0
7 0 0
0 0 1
1 4.07334e+06 0
8 0 0
0 0 1
1 3.34716e+06 0
9 0 0
0 0 1
1 2.80264e+06 0
10 0 0
0 0 1
1 2.396e+06 0
11 0 0
0 0 1
1 2.09176e+06 0
12 0 0
0 0 1
1 1.85145e+06 0
13 0 0
0 0 1
1 1.64981e+06 0
14 0 0
0 0 1
1 1.47982e+06 0
15 0 0
0 0 1
1 1.33595e+06 0
16 0 0
0 0 1
1 1.20924e+06 0
17 0 0
0 0 1
1 1.09896e+06 0
18 0 0
0 0 1
1 1.01103e+06 0
19 0 0
0 0 1
1 942452 0
20 0 0
0 0 1
1 882083 0
21 0 0
0 0 1
1 827473 0
22 0 0
0 0 1
1 786258 0
23 0 0
0 0 1
1 759570 0
24 0 0
0 0 1
1 738312 0
25 0 0
0 0 1
1 718336 0
26 0 0
0 0 1
1 706356 0
27 0 0
0 0 1
1 707303 0
28 0 0
0 0 1
1 716520 0
29 0 0
0 0 1
1 727591 0
30 0 0
0 0 1
1 738399 0
-1 0 0
