91
1 0 0
0 0 1
1 1.49014e+07 0
2 0 0
0 0 1
1 1.27731e+07 0
3 0 0
0 0 1
1 1.06637e+07 0
4 0 0
0 0 1
1 8.80597e+06 0
5 0 0
0 0 1
1 7.25106e+06 0
6 0 0
0 0 1
1 5.97199e+06 0
7 0 0
0 0 1
1 4.93862e+06 0
8 0 0
0 0 1
1 4.1158e+06 0
9 0 0
0 0 1
1 3.4542e+06 0
10 0 0
0 0 1
1 2.91311e+06 0
11 0 0
0 0 1
1 2.47422e+06 0
12 0 0
0 0 1
1 2.1232e+06 0
13 0 0
0 0 1
1 1.8366e+06 0
14 0 0
0 0 1
1 1.59564e+06 0
15 0 0
0 0 1
1 1.39589e+06 0
16 0 0
0 0 1
1 1.23407e+06 0
17 0 0
0 0 1
1 1.09871e+06 0
18 0 0
0 0 1
1 981117 0
19 0 0
0 0 1
1 882856 0
20 0 0
0 0 1
1 804860 0
21 0 0
0 0 1
1 740154 0
22 0 0
0 0 1
1 683466 0
23 0 0
0 0 1
1 637352 0
24 0 0
0 0 1
1 602803 0
25 0 0
0 0 1
1 574221 0
26 0 0
0 0 1
1 550008 0
27 0 0
0 0 1
1 538185 0
28 0 0
0 0 1
1 544714 0
29 0 0
0 0 1
1 564840 0
30 0 0
0 0 1
1 591782 0
-1 0 0
