91
1 0 0
0 0 1
1 1.36821e+07 0
2 0 0
0 0 1
1 1.18673e+07 0
3 0 0
0 0 1
1 1.00181e+07 0
4 0 0
0 0 1
1 8.25406e+06 0
5 0 0
0 0 1
1 6.64287e+06 0
6 0 0
0 0 1
1 5.2854e+06 0
7 0 0
0 0 1
1 4.24334e+06 0
8 0 0
0 0 1
1 3.47204e+06 0
9 0 0
0 0 1
1 2.88136e+06 0
10 0 0
0 0 1
1 2.42049e+06 0
11 0 0
0 0 1
1 2.06967e+06 0
12 0 0
0 0 1
1 1.79504e+06 0
13 0 0
0 0 1
1 1.5588e+06 0
14 0 0
0 0 1
1 1.35276e+06 0
15 0 0
0 0 1
1 1.18559e+06 0
16 0 0
0 0 1
1 1.05039e+06 0
17 0 0
0 0 1
1 931004 0
18 0 0
0 0 1
1 826539 0
19 0 0
0 0 1
1 744712 0
20 0 0
0 0 1
1 680716 0
21 0 0
0 0 1
1 623690 0
22 0 0
0 0 1
1 575305 0
23 0 0
0 0 1
1 543064 0
24 0 0
0 0 1
1 522754 0
25 0 0
0 0 1
1 504571 0
26 0 0
0 0 1
1 490066 0
27 0 0
0 0 1
1 487383 0
28 0 0
0 0 1
1 495153 0
29 0 0
0 0 1
1 504876 0
30 0 0
0 0 1
1 514063 0
-1 0 0
