91
1 0 0
0 0 1
1 6.1246e+06 0
2 0 0
0 0 1
1 5.40163e+06 0
3 0 0
0 0 1
1 4.69452e+06 0
4 0 0
0 0 1
1 4.03271e+06 0
5 0 0
0 0 1
1 3.43318e+06 0
6 0 0
0 0 1
1 2.90188e+06 0
7 0 0
0 0 1
1 2.43526e+06 0
8 0 0
0 0 1
1 2.03076e+06 0
9 0 0
0 0 1
1 1.6898e+06 0
10 0 0
0 0 1
1 1.40987e+06 0
11 0 0
0 0 1
1 1.18172e+06 0
12 0 0
0 0 1
1 996011 0
13 0 0
0 0 1
1 846661 0
14 0 0
0 0 1
1 727048 0
15 0 0
0 0 1
1 629128 0
16 0 0
0 0 1
1 547588 0
17 0 0
0 0 1
1 480686 0
18 0 0
0 0 1
1 426540 0
19 0 0
0 0 1
1 382120 0
20 0 0
0 0 1
1 345585 0
21 0 0
0 0 1
1 316176 0
22 0 0
0 0 1
1 292249 0
23 0 0
0 0 1
1 272448 0
24 0 0
0 0 1
1 257852 0
25 0 0
0 0 1
1 249878 0
26 0 0
0 0 1
1 247213 0
27 0 0
0 0 1
1 247663 0
28 0 0
0 0 1
1 251279 0
29 0 0
0 0 1
1 258272 0
30 0 0
0 0 1
1 265572 0
-1 0 0
