91
1 0 0
0 0 1
1 1.87938e+06 0
2 0 0
0 0 1
1 1.63142e+06 0
3 0 0
0 0 1
1 1.36632e+06 0
4 0 0
0 0 1
1 1.10927e+06 0
5 0 0
0 0 1
1 882507 0
6 0 0
0 0 1
1 702002 0
7 0 0
0 0 1
1 567935 0
8 0 0
0 0 1
1 468157 0
9 0 0
0 0 1
1 391474 0
10 0 0
0 0 1
1 332881 0
11 0 0
0 0 1
1 288418 0
12 0 0
0 0 1
1 252496 0
13 0 0
0 0 1
1 221550 0
14 0 0
0 0 1
1 195426 0
15 0 0
0 0 1
1 173805 0
16 0 0
0 0 1
1 154704 0
17 0 0
0 0 1
1 137239 0
18 0 0
0 0 1
1 122640 0
19 0 0
0 0 1
1 111469 0
20 0 0
0 0 1
1 102412 0
21 0 0
0 0 1
1 94538 0
22 0 0
0 0 1
1 88399 0
23 0 0
0 0 1
1 84157 0
24 0 0
0 0 1
1 80775 0
25 0 0
0 0 1
1 77794 0
26 0 0
0 0 1
1 76024 0
27 0 0
0 0 1
1 75798 0
28 0 0
0 0 1
1 76258 0
29 0 0
0 0 1
1 76933 0
30 0 0
0 0 1
1 78385 0
-1 0 0
