91
1 0 0
0 0 1
1 5.86326e+06 0
2 0 0
0 0 1
1 5.05757e+06 0
3 0 0
0 0 1
1 4.23038e+06 0
4 0 0
0 0 1
1 3.48557e+06 0
5 0 0
0 0 1
1 2.86944e+06 0
6 0 0
0 0 1
1 2.38259e+06 0
7 0 0
0 0 1
1 2.00201e+06 0
8 0 0
0 0 1
1 1.7006e+06 0
9 0 0
0 0 1
1 1.45821e+06 0
10 0 0
0 0 1
1 1.26214e+06 0
11 0 0
0 0 1
1 1.10215e+06 0
12 0 0
0 0 1
1 968874 0
13 0 0
0 0 1
1 856190 0
14 0 0
0 0 1
1 761290 0
15 0 0
0 0 1
1 681496 0
16 0 0
0 0 1
1 613129 0
17 0 0
0 0 1
1 553715 0
18 0 0
0 0 1
1 502718 0
19 0 0
0 0 1
1 459425 0
20 0 0
0 0 1
1 422168 0
21 0 0
0 0 1
1 390193 0
22 0 0
0 0 1
1 364181 0
23 0 0
0 0 1
1 344059 0
24 0 0
0 0 1
1 328119 0
25 0 0
0 0 1
1 315262 0
26 0 0
0 0 1
1 306405 0
27 0 0
0 0 1
1 302439 0
28 0 0
0 0 1
1 302059 0
29 0 0
0 0 1
1 302925 0
30 0 0
0 0 1
1 304149 0
-1 0 0
