91
1 0 0
0 0 1
1 7.34104e+06 0
2 0 0
0 0 1
1 6.49772e+06 0
3 0 0
0 0 1
1 5.58279e+06 0
4 0 0
0 0 1
1 4.65901e+06 0
5 0 0
0 0 1
1 3.76521e+06 0
6 0 0
0 0 1
1 2.96612e+06 0
7 0 0
0 0 1
1 2.32534e+06 0
8 0 0
0 0 1
1 1.85183e+06 0
9 0 0
0 0 1
1 1.50495e+06 0
10 0 0
0 0 1
1 1.24343e+06 0
11 0 0
0 0 1
1 1.04655e+06 0
12 0 0
0 0 1
1 897891 0
13 0 0
0 0 1
1 777629 0
14 0 0
0 0 1
1 674726 0
15 0 0
0 0 1
1 589240 0
16 0 0
0 0 1
1 519167 0
17 0 0
0 0 1
1 457406 0
18 0 0
0 0 1
1 402240 0
19 0 0
0 0 1
1 358332 0
20 0 0
0 0 1
1 325590 0
21 0 0
0 0 1
1 297468 0
22 0 0
0 0 1
1 271488 0
23 0 0
0 0 1
1 251695 0
24 0 0
0 0 1
1 239266 0
25 0 0
0 0 1
1 229773 0
26 0 0
0 0 1
1 221542 0
27 0 0
0 0 1
1 218423 0
28 0 0
0 0 1
1 222111 0
29 0 0
0 0 1
1 228874 0
30 0 0
0 0 1
1 235845 0
-1 0 0
