91
1 0 0
0 0 1
1 7.10895e+06 0
2 0 0
0 0 1
1 6.41468e+06 0
3 0 0
0 0 1
1 5.57711e+06 0
4 0 0
0 0 1
1 4.6484e+06 0
5 0 0
0 0 1
1 3.77458e+06 0
6 0 0
0 0 1
1 3.0526e+06 0
7 0 0
0 0 1
1 2.48463e+06 0
8 0 0
0 0 1
1 2.04111e+06 0
9 0 0
0 0 1
1 1.7018e+06 0
10 0 0
0 0 1
1 1.441e+06 0
11 0 0
0 0 1
1 1.22607e+06 0
12 0 0
0 0 1
1 1.04288e+06 0
13 0 0
0 0 1
1 895935 0
14 0 0
0 0 1
1 781635 0
15 0 0
0 0 1
1 684236 0
16 0 0
0 0 1
1 597572 0
17 0 0
0 0 1
1 528099 0
18 0 0
0 0 1
1 475387 0
19 0 0
0 0 1
1 428842 0
20 0 0
0 0 1
1 384853 0
21 0 0
0 0 1
1 349986 0
22 0 0
0 0 1
1 325604 0
23 0 0
0 0 1
1 304435 0
24 0 0
0 0 1
1 283945 0
25 0 0
0 0 1
1 269687 0
26 0 0
0 0 1
1 263883 0
27 0 0
0 0 1
1 262599 0
28 0 0
0 0 1
1 265512 0
29 0 0
0 0 1
1 277372 0
30 0 0
0 0 1
1 298017 0
-1 0 0
