91
1 0 0
0 0 1
1 1.85332e+06 0
2 0 0
0 0 1
1 1.65923e+06 0
3 0 0
0 0 1
1 1.47175e+06 0
4 0 0
0 0 1
1 1.28502e+06 0
5 0 0
0 0 1
1 1.09475e+06 0
6 0 0
0 0 1
1 914284 0
7 0 0
0 0 1
1 756848 0
8 0 0
0 0 1
1 622965 0
9 0 0
0 0 1
1 509449 0
10 0 0
0 0 1
1 417674 0
11 0 0
0 0 1
1 347934 0
12 0 0
0 0 1
1 294416 0
13 0 0
0 0 1
1 250822 0
14 0 0
0 0 1
1 215618 0
15 0 0
0 0 1
1 188520 0
16 0 0
0 0 1
1 166650 0
17 0 0
0 0 1
1 147371 0
18 0 0
0 0 1
1 131173 0
19 0 0
0 0 1
1 118930 0
20 0 0
0 0 1
1 109213 0
21 0 0
0 0 1
1 100512 0
22 0 0
0 0 1
1 93403 0
23 0 0
0 0 1
1 88451 0
24 0 0
0 0 1
1 84358 0
25 0 0
0 0 1
1 80152 0
26 0 0
0 0 1
1 77084 0
27 0 0
0 0 1
1 76436 0
28 0 0
0 0 1
1 77240 0
29 0 0
0 0 1
1 78019 0
30 0 0
0 0 1
1 79262 0
-1 0 0
