91
1 0 0
0 0 1
1 3.4984e+06 0
2 0 0
0 0 1
1 3.06508e+06 0
3 0 0
0 0 1
1 2.6095e+06 0
4 0 0
0 0 1
1 2.17837e+06 0
5 0 0
0 0 1
1 1.79775e+06 0
6 0 0
0 0 1
1 1.47787e+06 0
7 0 0
0 0 1
1 1.21784e+06 0
8 0 0
0 0 1
1 1.00981e+06 0
9 0 0
0 0 1
1 843281 0
10 0 0
0 0 1
1 708603 0
11 0 0
0 0 1
1 598699 0
12 0 0
0 0 1
1 508879 0
13 0 0
0 0 1
1 435818 0
14 0 0
0 0 1
1 376714 0
15 0 0
0 0 1
1 329098 0
16 0 0
0 0 1
1 290908 0
17 0 0
0 0 1
1 260366 0
18 0 0
0 0 1
1 235757 0
19 0 0
0 0 1
1 215581 0
20 0 0
0 0 1
1 198922 0
21 0 0
0 0 1
1 185393 0
22 0 0
0 0 1
1 174640 0
23 0 0
0 0 1
1 166127 0
24 0 0
0 0 1
1 159498 0
25 0 0
0 0 1
1 154846 0
26 0 0
0 0 1
1 152367 0
27 0 0
0 0 1
1 151986 0
28 0 0
0 0 1
1 153614 0
29 0 0
0 0 1
1 157540 0
30 0 0
0 0 1
1 163958 0
-1 0 0
