91
1 0 0
0 0 1
1 1.51352e+07 0
2 0 0
0 0 1
1 1.42683e+07 0
3 0 0
0 0 1
1 1.32263e+07 0
4 0 0
0 0 1
1 1.17425e+07 0
5 0 0
0 0 1
1 9.97287e+06 0
6 0 0
0 0 1
1 8.24243e+06 0
7 0 0
0 0 1
1 6.73543e+06 0
8 0 0
0 0 1
1 5.4847e+06 0
9 0 0
0 0 1
1 4.48839e+06 0
10 0 0
0 0 1
1 3.72613e+06 0
11 0 0
0 0 1
1 3.13529e+06 0
12 0 0
0 0 1
1 2.65442e+06 0
13 0 0
0 0 1
1 2.26468e+06 0
14 0 0
0 0 1
1 1.9579e+06 0
15 0 0
0 0 1
1 1.70384e+06 0
16 0 0
0 0 1
1 1.47851e+06 0
17 0 0
0 0 1
1 1.28894e+06 0
18 0 0
0 0 1
1 1.14307e+06 0
19 0 0
0 0 1
1 1.02442e+06 0
20 0 0
0 0 1
1 917398 0
21 0 0
0 0 1
1 829288 0
22 0 0
0 0 1
1 767348 0
23 0 0
0 0 1
1 719121 0
24 0 0
0 0 1
1 673411 0
25 0 0
0 0 1
1 638642 0
26 0 0
0 0 1
1 624247 0
27 0 0
0 0 1
1 623177 0
28 0 0
0 0 1
1 626538 0
29 0 0
0 0 1
1 637868 0
30 0 0
0 0 1
1 660848 0
-1 0 0
