91
1 0 0
0 0 1
1 1.30426e+07 0
2 0 0
0 0 1
1 1.08867e+07 0
3 0 0
0 0 1
1 8.71722e+06 0
4 0 0
0 0 1
1 6.89765e+06 0
5 0 0
0 0 1
1 5.52364e+06 0
6 0 0
0 0 1
1 4.51383e+06 0
7 0 0
0 0 1
1 3.76439e+06 0
8 0 0
0 0 1
1 3.20552e+06 0
9 0 0
0 0 1
1 2.78095e+06 0
10 0 0
0 0 1
1 2.44103e+06 0
11 0 0
0 0 1
1 2.15803e+06 0
12 0 0
0 0 1
1 1.92236e+06 0
13 0 0
0 0 1
1 1.72393e+06 0
14 0 0
0 0 1
1 1.55087e+06 0
15 0 0
0 0 1
1 1.40034e+06 0
16 0 0
0 0 1
1 1.27479e+06 0
17 0 0
0 0 1
1 1.16975e+06 0
18 0 0
0 0 1
1 1.07626e+06 0
19 0 0
0 0 1
1 992629 0
20 0 0
0 0 1
1 923474 0
21 0 0
0 0 1
1 869041 0
22 0 0
0 0 1
1 824408 0
23 0 0
0 0 1
1 787519 0
24 0 0
0 0 1
1 759956 0
25 0 0
0 0 1
1 740771 0
26 0 0
0 0 1
1 726756 0
27 0 0
0 0 1
1 718396 0
28 0 0
0 0 1
1 719479 0
29 0 0
0 0 1
1 730806 0
30 0 0
0 0 1
1 748846 0
-1 0 0
