91
1 0 0
0 0 1
1 6.20155e+06 0
2 0 0
0 0 1
1 5.50968e+06 0
3 0 0
0 0 1
1 4.69766e+06 0
4 0 0
0 0 1
1 3.85163e+06 0
5 0 0
0 0 1
1 3.10047e+06 0
6 0 0
0 0 1
1 2.50683e+06 0
7 0 0
0 0 1
1 2.05292e+06 0
8 0 0
0 0 1
1 1.70344e+06 0
9 0 0
0 0 1
1 1.43864e+06 0
10 0 0
0 0 1
1 1.23826e+06 0
11 0 0
0 0 1
1 1.07631e+06 0
12 0 0
0 0 1
1 939357 0
13 0 0
0 0 1
1 828101 0
14 0 0
0 0 1
1 738673 0
15 0 0
0 0 1
1 660017 0
16 0 0
0 0 1
1 589290 0
17 0 0
0 0 1
1 532741 0
18 0 0
0 0 1
1 490184 0
19 0 0
0 0 1
1 452869 0
20 0 0
0 0 1
1 417410 0
21 0 0
0 0 1
1 388679 0
22 0 0
0 0 1
1 367983 0
23 0 0
0 0 1
1 350366 0
24 0 0
0 0 1
1 334734 0
25 0 0
0 0 1
1 325647 0
26 0 0
0 0 1
1 323636 0
27 0 0
0 0 1
1 323551 0
28 0 0
0 0 1
1 323744 0
29 0 0
0 0 1
1 327824 0
30 0 0
0 0 1
1 336109 0
-1 0 0
