91
1 0 0
0 0 1
1 3.22354e+07 0
2 0 0
0 0 1
1 2.77958e+07 0
3 0 0
0 0 1
1 2.29317e+07 0
4 0 0
0 0 1
1 1.83493e+07 0
5 0 0
0 0 1
1 1.44309e+07 0
6 0 0
0 0 1
1 1.13466e+07 0
7 0 0
0 0 1
1 9.08357e+06 0
8 0 0
0 0 1
1 7.46104e+06 0
9 0 0
0 0 1
1 6.2551e+06 0
10 0 0
0 0 1
1 5.32899e+06 0
11 0 0
0 0 1
1 4.62385e+06 0
12 0 0
0 0 1
1 4.07634e+06 0
13 0 0
0 0 1
1 3.61286e+06 0
14 0 0
0 0 1
1 3.20266e+06 0
15 0 0
0 0 1
1 2.85541e+06 0
16 0 0
0 0 1
1 2.56818e+06 0
17 0 0
0 0 1
1 2.31648e+06 0
18 0 0
0 0 1
1 2.09164e+06 0
19 0 0
0 0 1
1 1.90659e+06 0
20 0 0
0 0 1
1 1.76268e+06 0
21 0 0
0 0 1
1 1.64205e+06 0
22 0 0
0 0 1
1 1.53416e+06 0
23 0 0
0 0 1
1 1.44392e+06 0
24 0 0
0 0 1
1 1.37272e+06 0
25 0 0
0 0 1
1 1.31425e+06 0
26 0 0
0 0 1
1 1.26987e+06 0
27 0 0
0 0 1
1 1.24772e+06 0
28 0 0
0 0 1
1 1.24614e+06 0
29 0 0
0 0 1
1 1.25548e+06 0
30 0 0
0 0 1
1 1.27525e+06 0
-1 0 0
