91
1 0 0
0 0 1
1 7.94696e+06 0
2 0 0
0 0 1
1 7.04156e+06 0
3 0 0
0 0 1
1 5.97807e+06 0
4 0 0
0 0 1
1 4.87769e+06 0
5 0 0
0 0 1
1 3.86971e+06 0
6 0 0
0 0 1
1 3.05155e+06 0
7 0 0
0 0 1
1 2.44627e+06 0
8 0 0
0 0 1
1 2.01107e+06 0
9 0 0
0 0 1
1 1.68895e+06 0
10 0 0
0 0 1
1 1.44503e+06 0
11 0 0
0 0 1
1 1.2607e+06 0
12 0 0
0 0 1
1 1.11656e+06 0
13 0 0
0 0 1
1 994354 0
14 0 0
0 0 1
1 886920 0
15 0 0
0 0 1
1 795304 0
16 0 0
0 0 1
1 718628 0
17 0 0
0 0 1
1 653014 0
18 0 0
0 0 1
1 596997 0
19 0 0
0 0 1
1 551180 0
20 0 0
0 0 1
1 513699 0
21 0 0
0 0 1
1 481016 0
22 0 0
0 0 1
1 452391 0
23 0 0
0 0 1
1 429485 0
24 0 0
0 0 1
1 412234 0
25 0 0
0 0 1
1 398750 0
26 0 0
0 0 1
1 388879 0
27 0 0
0 0 1
1 384522 0
28 0 0
0 0 1
1 386339 0
29 0 0
0 0 1
1 392646 0
30 0 0
0 0 1
1 401594 0
-1 0 0
