91
1 0 0
0 0 1
1 3.74261e+06 0
2 0 0
0 0 1
1 3.08944e+06 0
3 0 0
0 0 1
1 2.40704e+06 0
4 0 0
0 0 1
1 1.80869e+06 0
5 0 0
0 0 1
1 1.3527e+06 0
6 0 0
0 0 1
1 1.03337e+06 0
7 0 0
0 0 1
1 810784 0
8 0 0
0 0 1
1 649610 0
9 0 0
0 0 1
1 532098 0
10 0 0
0 0 1
1 446655 0
11 0 0
0 0 1
1 379791 0
12 0 0
0 0 1
1 321898 0
13 0 0
0 0 1
1 271594 0
14 0 0
0 0 1
1 229717 0
15 0 0
0 0 1
1 193921 0
16 0 0
0 0 1
1 161851 0
17 0 0
0 0 1
1 134586 0
18 0 0
0 0 1
1 113375 0
19 0 0
0 0 1
1 96393 0
20 0 0
0 0 1
1 81564 0
21 0 0
0 0 1
1 69563 0
22 0 0
0 0 1
1 61386 0
23 0 0
0 0 1
1 55550 0
24 0 0
0 0 1
1 50233 0
25 0 0
0 0 1
1 45998 0
26 0 0
0 0 1
1 44150 0
27 0 0
0 0 1
1 44330 0
28 0 0
0 0 1
1 45774 0
29 0 0
0 0 1
1 49133 0
30 0 0
0 0 1
1 55050 0
-1 0 0
