91
1 0 0
0 0 1
1 6.17509e+06 0
2 0 0
0 0 1
1 5.51776e+06 0
3 0 0
0 0 1
1 4.79011e+06 0
4 0 0
0 0 1
1 4.02861e+06 0
5 0 0
0 0 1
1 3.30518e+06 0
6 0 0
0 0 1
1 2.69714e+06 0
7 0 0
0 0 1
1 2.23093e+06 0
8 0 0
0 0 1
1 1.88014e+06 0
9 0 0
0 0 1
1 1.60974e+06 0
10 0 0
0 0 1
1 1.40101e+06 0
11 0 0
0 0 1
1 1.24025e+06 0
12 0 0
0 0 1
1 1.10981e+06 0
13 0 0
0 0 1
1 997936 0
14 0 0
0 0 1
1 903794 0
15 0 0
0 0 1
1 826911 0
16 0 0
0 0 1
1 760918 0
17 0 0
0 0 1
1 701242 0
18 0 0
0 0 1
1 650080 0
19 0 0
0 0 1
1 609468 0
20 0 0
0 0 1
1 576104 0
21 0 0
0 0 1
1 546576 0
22 0 0
0 0 1
1 521853 0
23 0 0
0 0 1
1 503178 0
24 0 0
0 0 1
1 488502 0
25 0 0
0 0 1
1 476215 0
26 0 0
0 0 1
1 468092 0
27 0 0
0 0 1
1 465377 0
28 0 0
0 0 1
1 465442 0
29 0 0
0 0 1
1 465227 0
30 0 0
0 0 1
1 465138 0
-1 0 0
