91
1 0 0
0 0 1
1 4.26263e+06 0
2 0 0
0 0 1
1 3.79036e+06 0
3 0 0
0 0 1
1 3.25787e+06 0
4 0 0
0 0 1
1 2.7179e+06 0
5 0 0
0 0 1
1 2.23474e+06 0
6 0 0
0 0 1
1 1.83022e+06 0
7 0 0
0 0 1
1 1.49598e+06 0
8 0 0
0 0 1
1 1.22657e+06 0
9 0 0
0 0 1
1 1.01776e+06 0
10 0 0
0 0 1
1 853432 0
11 0 0
0 0 1
1 716467 0
12 0 0
0 0 1
1 603425 0
13 0 0
0 0 1
1 515573 0
14 0 0
0 0 1
1 445626 0
15 0 0
0 0 1
1 384840 0
16 0 0
0 0 1
1 333934 0
17 0 0
0 0 1
1 296078 0
18 0 0
0 0 1
1 266635 0
19 0 0
0 0 1
1 239368 0
20 0 0
0 0 1
1 215892 0
21 0 0
0 0 1
1 199974 0
22 0 0
0 0 1
1 188465 0
23 0 0
0 0 1
1 176324 0
24 0 0
0 0 1
1 165510 0
25 0 0
0 0 1
1 160892 0
26 0 0
0 0 1
1 161538 0
27 0 0
0 0 1
1 163270 0
28 0 0
0 0 1
1 166215 0
29 0 0
0 0 1
1 173190 0
30 0 0
0 0 1
1 183450 0
-1 0 0
