91
1 0 0
0 0 1
1 6.68358e+06 0
2 0 0
0 0 1
1 6.00082e+06 0
3 0 0
0 0 1
1 5.34456e+06 0
4 0 0
0 0 1
1 4.71737e+06 0
5 0 0
0 0 1
1 4.08321e+06 0
6 0 0
0 0 1
1 3.45395e+06 0
7 0 0
0 0 1
1 2.88258e+06 0
8 0 0
0 0 1
1 2.39787e+06 0
9 0 0
0 0 1
1 1.989e+06 0
10 0 0
0 0 1
1 1.64359e+06 0
11 0 0
0 0 1
1 1.36267e+06 0
12 0 0
0 0 1
1 1.14021e+06 0
13 0 0
0 0 1
1 958416 0
14 0 0
0 0 1
1 807346 0
15 0 0
0 0 1
1 688424 0
16 0 0
0 0 1
1 597396 0
17 0 0
0 0 1
1 521868 0
18 0 0
0 0 1
1 456863 0
19 0 0
0 0 1
1 406813 0
20 0 0
0 0 1
1 370875 0
21 0 0
0 0 1
1 340412 0
22 0 0
0 0 1
1 312133 0
23 0 0
0 0 1
1 290773 0
24 0 0
0 0 1
1 277451 0
25 0 0
0 0 1
1 267099 0
26 0 0
0 0 1
1 258957 0
27 0 0
0 0 1
1 258908 0
28 0 0
0 0 1
1 269382 0
29 0 0
0 0 1
1 285645 0
30 0 0
0 0 1
1 303015 0
-1 0 0
