91
1 0 0
0 0 1
1 1.19543e+07 0
2 0 0
0 0 1
1 1.0554e+07 0
3 0 0
0 0 1
1 8.93696e+06 0
4 0 0
0 0 1
1 7.32621e+06 0
5 0 0
0 0 1
1 5.92197e+06 0
6 0 0
0 0 1
1 4.80864e+06 0
7 0 0
0 0 1
1 3.96107e+06 0
8 0 0
0 0 1
1 3.31426e+06 0
9 0 0
0 0 1
1 2.81432e+06 0
10 0 0
0 0 1
1 2.42349e+06 0
11 0 0
0 0 1
1 2.11067e+06 0
12 0 0
0 0 1
1 1.85197e+06 0
13 0 0
0 0 1
1 1.63421e+06 0
14 0 0
0 0 1
1 1.45109e+06 0
15 0 0
0 0 1
1 1.29751e+06 0
16 0 0
0 0 1
1 1.16822e+06 0
17 0 0
0 0 1
1 1.05824e+06 0
18 0 0
0 0 1
1 963279 0
19 0 0
0 0 1
1 881499 0
20 0 0
0 0 1
1 814520 0
21 0 0
0 0 1
1 763482 0
22 0 0
0 0 1
1 724468 0
23 0 0
0 0 1
1 690834 0
24 0 0
0 0 1
1 659849 0
25 0 0
0 0 1
1 634032 0
26 0 0
0 0 1
1 616330 0
27 0 0
0 0 1
1 607247 0
28 0 0
0 0 1
1 606334 0
29 0 0
0 0 1
1 612676 0
30 0 0
0 0 1
1 623089 0
-1 0 0
