91
1 0 0
0 0 1
1 3.65328e+06 0
2 0 0
0 0 1
1 3.17074e+06 0
3 0 0
0 0 1
1 2.64483e+06 0
4 0 0
0 0 1
1 2.17637e+06 0
5 0 0
0 0 1
1 1.79184e+06 0
6 0 0
0 0 1
1 1.47351e+06 0
7 0 0
0 0 1
1 1.20936e+06 0
8 0 0
0 0 1
1 998765 0
9 0 0
0 0 1
1 834151 0
10 0 0
0 0 1
1 701340 0
11 0 0
0 0 1
1 592795 0
12 0 0
0 0 1
1 506939 0
13 0 0
0 0 1
1 438555 0
14 0 0
0 0 1
1 380189 0
15 0 0
0 0 1
1 329976 0
16 0 0
0 0 1
1 289816 0
17 0 0
0 0 1
1 258124 0
18 0 0
0 0 1
1 230864 0
19 0 0
0 0 1
1 207330 0
20 0 0
0 0 1
1 189004 0
21 0 0
0 0 1
1 174696 0
22 0 0
0 0 1
1 161922 0
23 0 0
0 0 1
1 151204 0
24 0 0
0 0 1
1 144351 0
25 0 0
0 0 1
1 140273 0
26 0 0
0 0 1
1 136735 0
27 0 0
0 0 1
1 134588 0
28 0 0
0 0 1
1 136205 0
29 0 0
0 0 1
1 141071 0
30 0 0
0 0 1
1 146494 0
-1 0 0
