91
1 0 0
0 0 1
1 5.92915e+06 0
2 0 0
0 0 1
1 5.25827e+06 0
3 0 0
0 0 1
1 4.54209e+06 0
4 0 0
0 0 1
1 3.85727e+06 0
5 0 0
0 0 1
1 3.24739e+06 0
6 0 0
0 0 1
1 2.72368e+06 0
7 0 0
0 0 1
1 2.28061e+06 0
8 0 0
0 0 1
1 1.91116e+06 0
9 0 0
0 0 1
1 1.60938e+06 0
10 0 0
0 0 1
1 1.36593e+06 0
11 0 0
0 0 1
1 1.16854e+06 0
12 0 0
0 0 1
1 1.00728e+06 0
13 0 0
0 0 1
1 875799 0
14 0 0
0 0 1
1 767980 0
15 0 0
0 0 1
1 677470 0
16 0 0
0 0 1
1 600858 0
17 0 0
0 0 1
1 537796 0
18 0 0
0 0 1
1 487133 0
19 0 0
0 0 1
1 445672 0
20 0 0
0 0 1
1 411233 0
21 0 0
0 0 1
1 384079 0
22 0 0
0 0 1
1 364241 0
23 0 0
0 0 1
1 349803 0
24 0 0
0 0 1
1 338931 0
25 0 0
0 0 1
1 331635 0
26 0 0
0 0 1
1 328371 0
27 0 0
0 0 1
1 328466 0
28 0 0
0 0 1
1 330831 0
29 0 0
0 0 1
1 334810 0
30 0 0
0 0 1
1 339496 0
-1 0 0
