91
1 0 0
0 0 1
1 1.63534e+07 0
2 0 0
0 0 1
1 1.40435e+07 0
3 0 0
0 0 1
1 1.16364e+07 0
4 0 0
0 0 1
1 9.4816e+06 0
5 0 0
0 0 1
1 7.62196e+06 0
6 0 0
0 0 1
1 6.0456e+06 0
7 0 0
0 0 1
1 4.80572e+06 0
8 0 0
0 0 1
1 3.90489e+06 0
9 0 0
0 0 1
1 3.23776e+06 0
10 0 0
0 0 1
1 2.70441e+06 0
11 0 0
0 0 1
1 2.28536e+06 0
12 0 0
0 0 1
1 1.97397e+06 0
13 0 0
0 0 1
1 1.72204e+06 0
14 0 0
0 0 1
1 1.49233e+06 0
15 0 0
0 0 1
1 1.29823e+06 0
16 0 0
0 0 1
1 1.15347e+06 0
17 0 0
0 0 1
1 1.03332e+06 0
18 0 0
0 0 1
1 915829 0
19 0 0
0 0 1
1 815438 0
20 0 0
0 0 1
1 746590 0
21 0 0
0 0 1
1 692958 0
22 0 0
0 0 1
1 638626 0
23 0 0
0 0 1
1 595027 0
24 0 0
0 0 1
1 573154 0
25 0 0
0 0 1
1 560249 0
26 0 0
0 0 1
1 545675 0
27 0 0
0 0 1
1 541223 0
28 0 0
0 0 1
1 555757 0
29 0 0
0 0 1
1 576270 0
30 0 0
0 0 1
1 592029 0
-1 0 0
