91
1 0 0
0 0 1
1 6.87106e+06 0
2 0 0
0 0 1
1 6.14165e+06 0
3 0 0
0 0 1
1 5.32672e+06 0
4 0 0
0 0 1
1 4.48786e+06 0
5 0 0
0 0 1
1 3.71971e+06 0
6 0 0
0 0 1
1 3.06872e+06 0
7 0 0
0 0 1
1 2.52981e+06 0
8 0 0
0 0 1
1 2.091e+06 0
9 0 0
0 0 1
1 1.74494e+06 0
10 0 0
0 0 1
1 1.47293e+06 0
11 0 0
0 0 1
1 1.25011e+06 0
12 0 0
0 0 1
1 1.06521e+06 0
13 0 0
0 0 1
1 917924 0
14 0 0
0 0 1
1 801916 0
15 0 0
0 0 1
1 705329 0
16 0 0
0 0 1
1 623554 0
17 0 0
0 0 1
1 557948 0
18 0 0
0 0 1
1 505150 0
19 0 0
0 0 1
1 458864 0
20 0 0
0 0 1
1 418995 0
21 0 0
0 0 1
1 388843 0
22 0 0
0 0 1
1 365993 0
23 0 0
0 0 1
1 344994 0
24 0 0
0 0 1
1 326424 0
25 0 0
0 0 1
1 314783 0
26 0 0
0 0 1
1 309672 0
27 0 0
0 0 1
1 307013 0
28 0 0
0 0 1
1 307200 0
29 0 0
0 0 1
1 314456 0
30 0 0
0 0 1
1 328818 0
-1 0 0
