91
1 0 0
0 0 1
1 6.82722e+06 0
2 0 0
0 0 1
1 6.24546e+06 0
3 0 0
0 0 1
1 5.65031e+06 0
4 0 0
0 0 1
1 5.0246e+06 0
5 0 0
0 0 1
1 4.39696e+06 0
6 0 0
0 0 1
1 3.81453e+06 0
7 0 0
0 0 1
1 3.29384e+06 0
8 0 0
0 0 1
1 2.8243e+06 0
9 0 0
0 0 1
1 2.40225e+06 0
10 0 0
0 0 1
1 2.03645e+06 0
11 0 0
0 0 1
1 1.7284e+06 0
12 0 0
0 0 1
1 1.46869e+06 0
13 0 0
0 0 1
1 1.25103e+06 0
14 0 0
0 0 1
1 1.07449e+06 0
15 0 0
0 0 1
1 932559 0
16 0 0
0 0 1
1 812998 0
17 0 0
0 0 1
1 709214 0
18 0 0
0 0 1
1 622059 0
19 0 0
0 0 1
1 550296 0
20 0 0
0 0 1
1 488230 0
21 0 0
0 0 1
1 433242 0
22 0 0
0 0 1
1 387730 0
23 0 0
0 0 1
1 352370 0
24 0 0
0 0 1
1 323813 0
25 0 0
0 0 1
1 300080 0
26 0 0
0 0 1
1 282946 0
27 0 0
0 0 1
1 274125 0
28 0 0
0 0 1
1 273223 0
29 0 0
0 0 1
1 279319 0
30 0 0
0 0 1
1 290433 0
-1 0 0
