91
1 0 0
0 0 1
1 1.4512e+07 0
2 0 0
0 0 1
1 1.26958e+07 0
3 0 0
0 0 1
1 1.07798e+07 0
4 0 0
0 0 1
1 8.99143e+06 0
5 0 0
0 0 1
1 7.45095e+06 0
6 0 0
0 0 1
1 6.18489e+06 0
7 0 0
0 0 1
1 5.16695e+06 0
8 0 0
0 0 1
1 4.35176e+06 0
9 0 0
0 0 1
1 3.69349e+06 0
10 0 0
0 0 1
1 3.15585e+06 0
11 0 0
0 0 1
1 2.71446e+06 0
12 0 0
0 0 1
1 2.3515e+06 0
13 0 0
0 0 1
1 2.05061e+06 0
14 0 0
0 0 1
1 1.79845e+06 0
15 0 0
0 0 1
1 1.58729e+06 0
16 0 0
0 0 1
1 1.41221e+06 0
17 0 0
0 0 1
1 1.26706e+06 0
18 0 0
0 0 1
1 1.14535e+06 0
19 0 0
0 0 1
1 1.04309e+06 0
20 0 0
0 0 1
1 957952 0
21 0 0
0 0 1
1 887013 0
22 0 0
0 0 1
1 827412 0
23 0 0
0 0 1
1 777846 0
24 0 0
0 0 1
1 737327 0
25 0 0
0 0 1
1 703932 0
26 0 0
0 0 1
1 676962 0
27 0 0
0 0 1
1 659137 0
28 0 0
0 0 1
1 654506 0
29 0 0
0 0 1
1 664655 0
30 0 0
0 0 1
1 687701 0
-1 0 0
