91
1 0 0
0 0 1
1 3.76883e+06 0
2 0 0
0 0 1
1 3.16182e+06 0
3 0 0
0 0 1
1 2.51873e+06 0
4 0 0
0 0 1
1 1.95035e+06 0
5 0 0
0 0 1
1 1.508e+06 0
6 0 0
0 0 1
1 1.18398e+06 0
7 0 0
0 0 1
1 949061 0
8 0 0
0 0 1
1 779727 0
9 0 0
0 0 1
1 658421 0
10 0 0
0 0 1
1 567983 0
11 0 0
0 0 1
1 495452 0
12 0 0
0 0 1
1 435707 0
13 0 0
0 0 1
1 386585 0
14 0 0
0 0 1
1 344138 0
15 0 0
0 0 1
1 305356 0
16 0 0
0 0 1
1 271263 0
17 0 0
0 0 1
1 243658 0
18 0 0
0 0 1
1 221301 0
19 0 0
0 0 1
1 201890 0
20 0 0
0 0 1
1 185303 0
21 0 0
0 0 1
1 172331 0
22 0 0
0 0 1
1 162249 0
23 0 0
0 0 1
1 154021 0
24 0 0
0 0 1
1 148199 0
25 0 0
0 0 1
1 145486 0
26 0 0
0 0 1
1 144845 0
27 0 0
0 0 1
1 144991 0
28 0 0
0 0 1
1 146534 0
29 0 0
0 0 1
1 150782 0
30 0 0
0 0 1
1 157420 0
-1 0 0
