91
1 0 0
0 0 1
1 8.48757e+06 0
2 0 0
0 0 1
1 7.6183e+06 0
3 0 0
0 0 1
1 6.74334e+06 0
4 0 0
0 0 1
1 5.81891e+06 0
5 0 0
0 0 1
1 4.87007e+06 0
6 0 0
0 0 1
1 3.98182e+06 0
7 0 0
0 0 1
1 3.21072e+06 0
8 0 0
0 0 1
1 2.568e+06 0
9 0 0
0 0 1
1 2.05795e+06 0
10 0 0
0 0 1
1 1.67962e+06 0
11 0 0
0 0 1
1 1.40345e+06 0
12 0 0
0 0 1
1 1.18695e+06 0
13 0 0
0 0 1
1 1.01076e+06 0
14 0 0
0 0 1
1 875191 0
15 0 0
0 0 1
1 770959 0
16 0 0
0 0 1
1 679830 0
17 0 0
0 0 1
1 597608 0
18 0 0
0 0 1
1 532370 0
19 0 0
0 0 1
1 482924 0
20 0 0
0 0 1
1 438832 0
21 0 0
0 0 1
1 398453 0
22 0 0
0 0 1
1 368364 0
23 0 0
0 0 1
1 347068 0
24 0 0
0 0 1
1 325969 0
25 0 0
0 0 1
1 304920 0
26 0 0
0 0 1
1 291627 0
27 0 0
0 0 1
1 286979 0
28 0 0
0 0 1
1 284891 0
29 0 0
0 0 1
1 285471 0
30 0 0
0 0 1
1 295037 0
-1 0 0
