91
1 0 0
0 0 1
1 5.54064e+06 0
2 0 0
0 0 1
1 4.96916e+06 0
3 0 0
0 0 1
1 4.40948e+06 0
4 0 0
0 0 1
1 3.88914e+06 0
5 0 0
0 0 1
1 3.42088e+06 0
6 0 0
0 0 1
1 3.00924e+06 0
7 0 0
0 0 1
1 2.64554e+06 0
8 0 0
0 0 1
1 2.31503e+06 0
9 0 0
0 0 1
1 2.01205e+06 0
10 0 0
0 0 1
1 1.74049e+06 0
11 0 0
0 0 1
1 1.50169e+06 0
12 0 0
0 0 1
1 1.29135e+06 0
13 0 0
0 0 1
1 1.1074e+06 0
14 0 0
0 0 1
1 951469 0
15 0 0
0 0 1
1 821711 0
16 0 0
0 0 1
1 711674 0
17 0 0
0 0 1
1 617364 0
18 0 0
0 0 1
1 539362 0
19 0 0
0 0 1
1 476865 0
20 0 0
0 0 1
1 425299 0
21 0 0
0 0 1
1 381294 0
22 0 0
0 0 1
1 345273 0
23 0 0
0 0 1
1 317578 0
24 0 0
0 0 1
1 295985 0
25 0 0
0 0 1
1 278638 0
26 0 0
0 0 1
1 266309 0
27 0 0
0 0 1
1 260388 0
28 0 0
0 0 1
1 260935 0
29 0 0
0 0 1
1 267128 0
30 0 0
0 0 1
1 277133 0
-1 0 0
