91
1 0 0
0 0 1
1 6.66074e+06 0
2 0 0
0 0 1
1 5.79595e+06 0
3 0 0
0 0 1
1 4.84354e+06 0
4 0 0
0 0 1
1 3.97234e+06 0
5 0 0
0 0 1
1 3.25574e+06 0
6 0 0
0 0 1
1 2.68389e+06 0
7 0 0
0 0 1
1 2.23207e+06 0
8 0 0
0 0 1
1 1.88594e+06 0
9 0 0
0 0 1
1 1.624e+06 0
10 0 0
0 0 1
1 1.41586e+06 0
11 0 0
0 0 1
1 1.24266e+06 0
12 0 0
0 0 1
1 1.10054e+06 0
13 0 0
0 0 1
1 984439 0
14 0 0
0 0 1
1 883498 0
15 0 0
0 0 1
1 792578 0
16 0 0
0 0 1
1 714635 0
17 0 0
0 0 1
1 650175 0
18 0 0
0 0 1
1 594303 0
19 0 0
0 0 1
1 544712 0
20 0 0
0 0 1
1 503505 0
21 0 0
0 0 1
1 470245 0
22 0 0
0 0 1
1 440984 0
23 0 0
0 0 1
1 414851 0
24 0 0
0 0 1
1 394834 0
25 0 0
0 0 1
1 381569 0
26 0 0
0 0 1
1 372342 0
27 0 0
0 0 1
1 366354 0
28 0 0
0 0 1
1 365332 0
29 0 0
0 0 1
1 368893 0
30 0 0
0 0 1
1 374423 0
-1 0 0
