91
1 0 0
0 0 1
1 1.17272e+07 0
2 0 0
0 0 1
1 1.06414e+07 0
3 0 0
0 0 1
1 9.46441e+06 0
4 0 0
0 0 1
1 8.21059e+06 0
5 0 0
0 0 1
1 6.95778e+06 0
6 0 0
0 0 1
1 5.80848e+06 0
7 0 0
0 0 1
1 4.82124e+06 0
8 0 0
0 0 1
1 4.00325e+06 0
9 0 0
0 0 1
1 3.34206e+06 0
10 0 0
0 0 1
1 2.81709e+06 0
11 0 0
0 0 1
1 2.39622e+06 0
12 0 0
0 0 1
1 2.04896e+06 0
13 0 0
0 0 1
1 1.76217e+06 0
14 0 0
0 0 1
1 1.53158e+06 0
15 0 0
0 0 1
1 1.34559e+06 0
16 0 0
0 0 1
1 1.18966e+06 0
17 0 0
0 0 1
1 1.05903e+06 0
18 0 0
0 0 1
1 954465 0
19 0 0
0 0 1
1 870402 0
20 0 0
0 0 1
1 798192 0
21 0 0
0 0 1
1 736160 0
22 0 0
0 0 1
1 686215 0
23 0 0
0 0 1
1 644899 0
24 0 0
0 0 1
1 607627 0
25 0 0
0 0 1
1 578043 0
26 0 0
0 0 1
1 563481 0
27 0 0
0 0 1
1 563502 0
28 0 0
0 0 1
1 571187 0
29 0 0
0 0 1
1 583056 0
30 0 0
0 0 1
1 599198 0
-1 0 0
