91
1 0 0
0 0 1
1 1.42135e+07 0
2 0 0
0 0 1
1 1.23942e+07 0
3 0 0
0 0 1
1 1.07795e+07 0
4 0 0
0 0 1
1 9.28618e+06 0
5 0 0
0 0 1
1 7.72045e+06 0
6 0 0
0 0 1
1 6.17103e+06 0
7 0 0
0 0 1
1 4.88876e+06 0
8 0 0
0 0 1
1 3.96489e+06 0
9 0 0
0 0 1
1 3.29579e+06 0
10 0 0
0 0 1
1 2.77844e+06 0
11 0 0
0 0 1
1 2.38923e+06 0
12 0 0
0 0 1
1 2.10316e+06 0
13 0 0
0 0 1
1 1.86513e+06 0
14 0 0
0 0 1
1 1.6514e+06 0
15 0 0
0 0 1
1 1.47862e+06 0
16 0 0
0 0 1
1 1.3452e+06 0
17 0 0
0 0 1
1 1.22276e+06 0
18 0 0
0 0 1
1 1.10512e+06 0
19 0 0
0 0 1
1 1.01254e+06 0
20 0 0
0 0 1
1 946579 0
21 0 0
0 0 1
1 886003 0
22 0 0
0 0 1
1 826482 0
23 0 0
0 0 1
1 783322 0
24 0 0
0 0 1
1 755790 0
25 0 0
0 0 1
1 726291 0
26 0 0
0 0 1
1 694135 0
27 0 0
0 0 1
1 675861 0
28 0 0
0 0 1
1 673000 0
29 0 0
0 0 1
1 671275 0
30 0 0
0 0 1
1 670524 0
-1 0 0
