91
1 0 0
0 0 1
1 6.56981e+06 0
2 0 0
0 0 1
1 5.86309e+06 0
3 0 0
0 0 1
1 5.06589e+06 0
4 0 0
0 0 1
1 4.26332e+06 0
5 0 0
0 0 1
1 3.54335e+06 0
6 0 0
0 0 1
1 2.94688e+06 0
7 0 0
0 0 1
1 2.46155e+06 0
8 0 0
0 0 1
1 2.06259e+06 0
9 0 0
0 0 1
1 1.73736e+06 0
10 0 0
0 0 1
1 1.47492e+06 0
11 0 0
0 0 1
1 1.25887e+06 0
12 0 0
0 0 1
1 1.07852e+06 0
13 0 0
0 0 1
1 932061 0
14 0 0
0 0 1
1 814866 0
15 0 0
0 0 1
1 716595 0
16 0 0
0 0 1
1 631795 0
17 0 0
0 0 1
1 562184 0
18 0 0
0 0 1
1 506630 0
19 0 0
0 0 1
1 458863 0
20 0 0
0 0 1
1 416358 0
21 0 0
0 0 1
1 381983 0
22 0 0
0 0 1
1 355495 0
23 0 0
0 0 1
1 332287 0
24 0 0
0 0 1
1 311978 0
25 0 0
0 0 1
1 299821 0
26 0 0
0 0 1
1 297648 0
27 0 0
0 0 1
1 300610 0
28 0 0
0 0 1
1 304421 0
29 0 0
0 0 1
1 309101 0
30 0 0
0 0 1
1 314334 0
-1 0 0
