91
1 0 0
0 0 1
1 1.0681e+07 0
2 0 0
0 0 1
1 9.72212e+06 0
3 0 0
0 0 1
1 8.49341e+06 0
4 0 0
0 0 1
1 7.17638e+06 0
5 0 0
0 0 1
1 5.98011e+06 0
6 0 0
0 0 1
1 4.97436e+06 0
7 0 0
0 0 1
1 4.12813e+06 0
8 0 0
0 0 1
1 3.41571e+06 0
9 0 0
0 0 1
1 2.83299e+06 0
10 0 0
0 0 1
1 2.36312e+06 0
11 0 0
0 0 1
1 1.9812e+06 0
12 0 0
0 0 1
1 1.6769e+06 0
13 0 0
0 0 1
1 1.4433e+06 0
14 0 0
0 0 1
1 1.25878e+06 0
15 0 0
0 0 1
1 1.10172e+06 0
16 0 0
0 0 1
1 969419 0
17 0 0
0 0 1
1 865031 0
18 0 0
0 0 1
1 778961 0
19 0 0
0 0 1
1 699652 0
20 0 0
0 0 1
1 630772 0
21 0 0
0 0 1
1 581336 0
22 0 0
0 0 1
1 547510 0
23 0 0
0 0 1
1 518452 0
24 0 0
0 0 1
1 492921 0
25 0 0
0 0 1
1 477025 0
26 0 0
0 0 1
1 471065 0
27 0 0
0 0 1
1 470373 0
28 0 0
0 0 1
1 475196 0
29 0 0
0 0 1
1 489380 0
30 0 0
0 0 1
1 511143 0
-1 0 0
