91
1 0 0
0 0 1
1 8.81576e+06 0
2 0 0
0 0 1
1 7.56753e+06 0
3 0 0
0 0 1
1 6.25555e+06 0
4 0 0
0 0 1
1 4.99581e+06 0
5 0 0
0 0 1
1 3.90612e+06 0
6 0 0
0 0 1
1 3.05652e+06 0
7 0 0
0 0 1
1 2.4343e+06 0
8 0 0
0 0 1
1 1.97829e+06 0
9 0 0
0 0 1
1 1.63659e+06 0
10 0 0
0 0 1
1 1.38172e+06 0
11 0 0
0 0 1
1 1.19041e+06 0
12 0 0
0 0 1
1 1.03693e+06 0
13 0 0
0 0 1
1 906306 0
14 0 0
0 0 1
1 797008 0
15 0 0
0 0 1
1 707428 0
16 0 0
0 0 1
1 630331 0
17 0 0
0 0 1
1 561663 0
18 0 0
0 0 1
1 504276 0
19 0 0
0 0 1
1 459753 0
20 0 0
0 0 1
1 423925 0
21 0 0
0 0 1
1 392969 0
22 0 0
0 0 1
1 367668 0
23 0 0
0 0 1
1 349062 0
24 0 0
0 0 1
1 334971 0
25 0 0
0 0 1
1 323324 0
26 0 0
0 0 1
1 315017 0
27 0 0
0 0 1
1 311524 0
28 0 0
0 0 1
1 312916 0
29 0 0
0 0 1
1 319674 0
30 0 0
0 0 1
1 333413 0
-1 0 0
