91
1 0 0
0 0 1
1 1.15331e+07 0
2 0 0
0 0 1
1 1.03373e+07 0
3 0 0
0 0 1
1 9.13822e+06 0
4 0 0
0 0 1
1 7.98379e+06 0
5 0 0
0 0 1
1 6.90148e+06 0
6 0 0
0 0 1
1 5.91951e+06 0
7 0 0
0 0 1
1 5.05719e+06 0
8 0 0
0 0 1
1 4.31184e+06 0
9 0 0
0 0 1
1 3.66663e+06 0
10 0 0
0 0 1
1 3.10872e+06 0
11 0 0
0 0 1
1 2.63465e+06 0
12 0 0
0 0 1
1 2.24128e+06 0
13 0 0
0 0 1
1 1.91841e+06 0
14 0 0
0 0 1
1 1.65199e+06 0
15 0 0
0 0 1
1 1.43046e+06 0
16 0 0
0 0 1
1 1.24629e+06 0
17 0 0
0 0 1
1 1.09417e+06 0
18 0 0
0 0 1
1 969977 0
19 0 0
0 0 1
1 869575 0
20 0 0
0 0 1
1 787088 0
21 0 0
0 0 1
1 715955 0
22 0 0
0 0 1
1 653327 0
23 0 0
0 0 1
1 601879 0
24 0 0
0 0 1
1 565602 0
25 0 0
0 0 1
1 545141 0
26 0 0
0 0 1
1 538506 0
27 0 0
0 0 1
1 543820 0
28 0 0
0 0 1
1 558213 0
29 0 0
0 0 1
1 575264 0
30 0 0
0 0 1
1 587244 0
-1 0 0
