91
1 0 0
0 0 1
1 3.18587e+07 0
2 0 0
0 0 1
1 2.61005e+07 0
3 0 0
0 0 1
1 2.04495e+07 0
4 0 0
0 0 1
1 1.57485e+07 0
5 0 0
0 0 1
1 1.2225e+07 0
6 0 0
0 0 1
1 9.68933e+06 0
7 0 0
0 0 1
1 7.86862e+06 0
8 0 0
0 0 1
1 6.55424e+06 0
9 0 0
0 0 1
1 5.58561e+06 0
10 0 0
0 0 1
1 4.83554e+06 0
11 0 0
0 0 1
1 4.22726e+06 0
12 0 0
0 0 1
1 3.72377e+06 0
13 0 0
0 0 1
1 3.29631e+06 0
14 0 0
0 0 1
1 2.92156e+06 0
15 0 0
0 0 1
1 2.59579e+06 0
16 0 0
0 0 1
1 2.32429e+06 0
17 0 0
0 0 1
1 2.0995e+06 0
18 0 0
0 0 1
1 1.90597e+06 0
19 0 0
0 0 1
1 1.73921e+06 0
20 0 0
0 0 1
1 1.60235e+06 0
21 0 0
0 0 1
1 1.49031e+06 0
22 0 0
0 0 1
1 1.3938e+06 0
23 0 0
0 0 1
1 1.31422e+06 0
24 0 0
0 0 1
1 1.2592e+06 0
25 0 0
0 0 1
1 1.22732e+06 0
26 0 0
0 0 1
1 1.21137e+06 0
27 0 0
0 0 1
1 1.21328e+06 0
28 0 0
0 0 1
1 1.24095e+06 0
29 0 0
0 0 1
1 1.29193e+06 0
30 0 0
0 0 1
1 1.35307e+06 0
-1 0 0
