91
1 0 0
0 0 1
1 5.20095e+06 0
2 0 0
0 0 1
1 4.65652e+06 0
3 0 0
0 0 1
1 4.0921e+06 0
4 0 0
0 0 1
1 3.53554e+06 0
5 0 0
0 0 1
1 3.00926e+06 0
6 0 0
0 0 1
1 2.535e+06 0
7 0 0
0 0 1
1 2.12768e+06 0
8 0 0
0 0 1
1 1.78979e+06 0
9 0 0
0 0 1
1 1.51394e+06 0
10 0 0
0 0 1
1 1.28948e+06 0
11 0 0
0 0 1
1 1.10678e+06 0
12 0 0
0 0 1
1 958133 0
13 0 0
0 0 1
1 837374 0
14 0 0
0 0 1
1 739119 0
15 0 0
0 0 1
1 658171 0
16 0 0
0 0 1
1 590080 0
17 0 0
0 0 1
1 532228 0
18 0 0
0 0 1
1 483537 0
19 0 0
0 0 1
1 442925 0
20 0 0
0 0 1
1 408763 0
21 0 0
0 0 1
1 379798 0
22 0 0
0 0 1
1 355560 0
23 0 0
0 0 1
1 335636 0
24 0 0
0 0 1
1 319548 0
25 0 0
0 0 1
1 307496 0
26 0 0
0 0 1
1 299986 0
27 0 0
0 0 1
1 296295 0
28 0 0
0 0 1
1 294578 0
29 0 0
0 0 1
1 294164 0
30 0 0
0 0 1
1 296366 0
-1 0 0
