91
1 0 0
0 0 1
1 6.76574e+06 0
2 0 0
0 0 1
1 5.83946e+06 0
3 0 0
0 0 1
1 4.87452e+06 0
4 0 0
0 0 1
1 4.01099e+06 0
5 0 0
0 0 1
1 3.2814e+06 0
6 0 0
0 0 1
1 2.68151e+06 0
7 0 0
0 0 1
1 2.21023e+06 0
8 0 0
0 0 1
1 1.85255e+06 0
9 0 0
0 0 1
1 1.57467e+06 0
10 0 0
0 0 1
1 1.35043e+06 0
11 0 0
0 0 1
1 1.17149e+06 0
12 0 0
0 0 1
1 1.02921e+06 0
13 0 0
0 0 1
1 907948 0
14 0 0
0 0 1
1 800234 0
15 0 0
0 0 1
1 710445 0
16 0 0
0 0 1
1 638898 0
17 0 0
0 0 1
1 576699 0
18 0 0
0 0 1
1 519508 0
19 0 0
0 0 1
1 472590 0
20 0 0
0 0 1
1 438444 0
21 0 0
0 0 1
1 411320 0
22 0 0
0 0 1
1 387427 0
23 0 0
0 0 1
1 369625 0
24 0 0
0 0 1
1 358619 0
25 0 0
0 0 1
1 349519 0
26 0 0
0 0 1
1 340534 0
27 0 0
0 0 1
1 336002 0
28 0 0
0 0 1
1 337590 0
29 0 0
0 0 1
1 340810 0
30 0 0
0 0 1
1 343061 0
-1 0 0
