91
1 0 0
0 0 1
1 3.92817e+06 0
2 0 0
0 0 1
1 3.43145e+06 0
3 0 0
0 0 1
1 2.91493e+06 0
4 0 0
0 0 1
1 2.45102e+06 0
5 0 0
0 0 1
1 2.05869e+06 0
6 0 0
0 0 1
1 1.73513e+06 0
7 0 0
0 0 1
1 1.47352e+06 0
8 0 0
0 0 1
1 1.26255e+06 0
9 0 0
0 0 1
1 1.08666e+06 0
10 0 0
0 0 1
1 933533 0
11 0 0
0 0 1
1 798947 0
12 0 0
0 0 1
1 683242 0
13 0 0
0 0 1
1 586060 0
14 0 0
0 0 1
1 505363 0
15 0 0
0 0 1
1 438900 0
16 0 0
0 0 1
1 384544 0
17 0 0
0 0 1
1 339864 0
18 0 0
0 0 1
1 302531 0
19 0 0
0 0 1
1 271020 0
20 0 0
0 0 1
1 244598 0
21 0 0
0 0 1
1 222812 0
22 0 0
0 0 1
1 205050 0
23 0 0
0 0 1
1 190354 0
24 0 0
0 0 1
1 177817 0
25 0 0
0 0 1
1 167396 0
26 0 0
0 0 1
1 159941 0
27 0 0
0 0 1
1 155919 0
28 0 0
0 0 1
1 154552 0
29 0 0
0 0 1
1 154821 0
30 0 0
0 0 1
1 156948 0
-1 0 0
