91
1 0 0
0 0 1
1 9.80202e+06 0
2 0 0
0 0 1
1 8.18427e+06 0
3 0 0
0 0 1
1 6.49224e+06 0
4 0 0
0 0 1
1 5.03458e+06 0
5 0 0
0 0 1
1 3.92466e+06 0
6 0 0
0 0 1
1 3.12622e+06 0
7 0 0
0 0 1
1 2.54643e+06 0
8 0 0
0 0 1
1 2.11015e+06 0
9 0 0
0 0 1
1 1.7781e+06 0
10 0 0
0 0 1
1 1.52449e+06 0
11 0 0
0 0 1
1 1.32116e+06 0
12 0 0
0 0 1
1 1.1468e+06 0
13 0 0
0 0 1
1 995909 0
14 0 0
0 0 1
1 869233 0
15 0 0
0 0 1
1 762719 0
16 0 0
0 0 1
1 671600 0
17 0 0
0 0 1
1 596478 0
18 0 0
0 0 1
1 537535 0
19 0 0
0 0 1
1 488703 0
20 0 0
0 0 1
1 444253 0
21 0 0
0 0 1
1 405744 0
22 0 0
0 0 1
1 376258 0
23 0 0
0 0 1
1 352944 0
24 0 0
0 0 1
1 331520 0
25 0 0
0 0 1
1 313362 0
26 0 0
0 0 1
1 301688 0
27 0 0
0 0 1
1 294847 0
28 0 0
0 0 1
1 289783 0
29 0 0
0 0 1
1 288639 0
30 0 0
0 0 1
1 295646 0
-1 0 0
