91
1 0 0
0 0 1
1 9.9264e+06 0
2 0 0
0 0 1
1 8.50076e+06 0
3 0 0
0 0 1
1 7.05545e+06 0
4 0 0
0 0 1
1 5.81106e+06 0
5 0 0
0 0 1
1 4.79016e+06 0
6 0 0
0 0 1
1 3.94977e+06 0
7 0 0
0 0 1
1 3.26666e+06 0
8 0 0
0 0 1
1 2.72137e+06 0
9 0 0
0 0 1
1 2.27805e+06 0
10 0 0
0 0 1
1 1.90806e+06 0
11 0 0
0 0 1
1 1.60476e+06 0
12 0 0
0 0 1
1 1.36246e+06 0
13 0 0
0 0 1
1 1.16329e+06 0
14 0 0
0 0 1
1 993760 0
15 0 0
0 0 1
1 854703 0
16 0 0
0 0 1
1 746113 0
17 0 0
0 0 1
1 657316 0
18 0 0
0 0 1
1 579550 0
19 0 0
0 0 1
1 514806 0
20 0 0
0 0 1
1 465259 0
21 0 0
0 0 1
1 425144 0
22 0 0
0 0 1
1 389214 0
23 0 0
0 0 1
1 359410 0
24 0 0
0 0 1
1 337644 0
25 0 0
0 0 1
1 320537 0
26 0 0
0 0 1
1 306117 0
27 0 0
0 0 1
1 298002 0
28 0 0
0 0 1
1 298733 0
29 0 0
0 0 1
1 305935 0
30 0 0
0 0 1
1 318474 0
-1 0 0
