91
1 0 0
0 0 1
1 6.36538e+06 0
2 0 0
0 0 1
1 5.75091e+06 0
3 0 0
0 0 1
1 5.07034e+06 0
4 0 0
0 0 1
1 4.32801e+06 0
5 0 0
0 0 1
1 3.58768e+06 0
6 0 0
0 0 1
1 2.92692e+06 0
7 0 0
0 0 1
1 2.38304e+06 0
8 0 0
0 0 1
1 1.95008e+06 0
9 0 0
0 0 1
1 1.60862e+06 0
10 0 0
0 0 1
1 1.34297e+06 0
11 0 0
0 0 1
1 1.13805e+06 0
12 0 0
0 0 1
1 976928 0
13 0 0
0 0 1
1 846099 0
14 0 0
0 0 1
1 738258 0
15 0 0
0 0 1
1 648940 0
16 0 0
0 0 1
1 573920 0
17 0 0
0 0 1
1 510095 0
18 0 0
0 0 1
1 455900 0
19 0 0
0 0 1
1 410186 0
20 0 0
0 0 1
1 372102 0
21 0 0
0 0 1
1 341590 0
22 0 0
0 0 1
1 318367 0
23 0 0
0 0 1
1 300838 0
24 0 0
0 0 1
1 287355 0
25 0 0
0 0 1
1 277747 0
26 0 0
0 0 1
1 272155 0
27 0 0
0 0 1
1 269190 0
28 0 0
0 0 1
1 267067 0
29 0 0
0 0 1
1 266044 0
30 0 0
0 0 1
1 267875 0
-1 0 0
