91
1 0 0
0 0 1
1 8.19905e+06 0
2 0 0
0 0 1
1 7.2088e+06 0
3 0 0
0 0 1
1 6.15834e+06 0
4 0 0
0 0 1
1 5.15258e+06 0
5 0 0
0 0 1
1 4.2503e+06 0
6 0 0
0 0 1
1 3.47779e+06 0
7 0 0
0 0 1
1 2.8376e+06 0
8 0 0
0 0 1
1 2.31493e+06 0
9 0 0
0 0 1
1 1.89114e+06 0
10 0 0
0 0 1
1 1.55363e+06 0
11 0 0
0 0 1
1 1.29074e+06 0
12 0 0
0 0 1
1 1.08467e+06 0
13 0 0
0 0 1
1 917559 0
14 0 0
0 0 1
1 781222 0
15 0 0
0 0 1
1 673735 0
16 0 0
0 0 1
1 589607 0
17 0 0
0 0 1
1 520172 0
18 0 0
0 0 1
1 461248 0
19 0 0
0 0 1
1 413360 0
20 0 0
0 0 1
1 375283 0
21 0 0
0 0 1
1 343221 0
22 0 0
0 0 1
1 315767 0
23 0 0
0 0 1
1 294380 0
24 0 0
0 0 1
1 279102 0
25 0 0
0 0 1
1 268133 0
26 0 0
0 0 1
1 261426 0
27 0 0
0 0 1
1 260847 0
28 0 0
0 0 1
1 267049 0
29 0 0
0 0 1
1 279411 0
30 0 0
0 0 1
1 298035 0
-1 0 0
