91
1 0 0
0 0 1
1 8.58439e+06 0
2 0 0
0 0 1
1 6.80397e+06 0
3 0 0
0 0 1
1 5.12767e+06 0
4 0 0
0 0 1
1 3.84521e+06 0
5 0 0
0 0 1
1 2.93739e+06 0
6 0 0
0 0 1
1 2.28765e+06 0
7 0 0
0 0 1
1 1.82898e+06 0
8 0 0
0 0 1
1 1.51856e+06 0
9 0 0
0 0 1
1 1.29646e+06 0
10 0 0
0 0 1
1 1.11736e+06 0
11 0 0
0 0 1
1 974045 0
12 0 0
0 0 1
1 864205 0
13 0 0
0 0 1
1 768105 0
14 0 0
0 0 1
1 673565 0
15 0 0
0 0 1
1 591091 0
16 0 0
0 0 1
1 528932 0
17 0 0
0 0 1
1 477452 0
18 0 0
0 0 1
1 429099 0
19 0 0
0 0 1
1 390973 0
20 0 0
0 0 1
1 366908 0
21 0 0
0 0 1
1 347165 0
22 0 0
0 0 1
1 325742 0
23 0 0
0 0 1
1 310066 0
24 0 0
0 0 1
1 304603 0
25 0 0
0 0 1
1 301225 0
26 0 0
0 0 1
1 294320 0
27 0 0
0 0 1
1 290503 0
28 0 0
0 0 1
1 295297 0
29 0 0
0 0 1
1 303869 0
30 0 0
0 0 1
1 312373 0
-1 0 0
