91
1 0 0
0 0 1
1 3.37773e+06 0
2 0 0
0 0 1
1 2.93089e+06 0
3 0 0
0 0 1
1 2.4253e+06 0
4 0 0
0 0 1
1 1.94952e+06 0
5 0 0
0 0 1
1 1.55056e+06 0
6 0 0
0 0 1
1 1.23521e+06 0
7 0 0
0 0 1
1 993394 0
8 0 0
0 0 1
1 812237 0
9 0 0
0 0 1
1 677285 0
10 0 0
0 0 1
1 574251 0
11 0 0
0 0 1
1 493329 0
12 0 0
0 0 1
1 428889 0
13 0 0
0 0 1
1 375840 0
14 0 0
0 0 1
1 329784 0
15 0 0
0 0 1
1 289619 0
16 0 0
0 0 1
1 256226 0
17 0 0
0 0 1
1 228821 0
18 0 0
0 0 1
1 205275 0
19 0 0
0 0 1
1 185146 0
20 0 0
0 0 1
1 169270 0
21 0 0
0 0 1
1 156779 0
22 0 0
0 0 1
1 145456 0
23 0 0
0 0 1
1 134963 0
24 0 0
0 0 1
1 127104 0
25 0 0
0 0 1
1 122764 0
26 0 0
0 0 1
1 120912 0
27 0 0
0 0 1
1 120695 0
28 0 0
0 0 1
1 122340 0
29 0 0
0 0 1
1 125706 0
30 0 0
0 0 1
1 129867 0
-1 0 0
