91
1 0 0
0 0 1
1 6.08973e+06 0
2 0 0
0 0 1
1 5.23832e+06 0
3 0 0
0 0 1
1 4.33742e+06 0
4 0 0
0 0 1
1 3.52329e+06 0
5 0 0
0 0 1
1 2.87778e+06 0
6 0 0
0 0 1
1 2.38914e+06 0
7 0 0
0 0 1
1 2.01072e+06 0
8 0 0
0 0 1
1 1.71832e+06 0
9 0 0
0 0 1
1 1.50013e+06 0
10 0 0
0 0 1
1 1.33161e+06 0
11 0 0
0 0 1
1 1.18855e+06 0
12 0 0
0 0 1
1 1.0662e+06 0
13 0 0
0 0 1
1 967223 0
14 0 0
0 0 1
1 884228 0
15 0 0
0 0 1
1 808225 0
16 0 0
0 0 1
1 741414 0
17 0 0
0 0 1
1 688363 0
18 0 0
0 0 1
1 644366 0
19 0 0
0 0 1
1 603229 0
20 0 0
0 0 1
1 567363 0
21 0 0
0 0 1
1 540445 0
22 0 0
0 0 1
1 518405 0
23 0 0
0 0 1
1 496644 0
24 0 0
0 0 1
1 478572 0
25 0 0
0 0 1
1 468651 0
26 0 0
0 0 1
1 463858 0
27 0 0
0 0 1
1 459645 0
28 0 0
0 0 1
1 457791 0
29 0 0
0 0 1
1 461217 0
30 0 0
0 0 1
1 467300 0
-1 0 0
