91
1 0 0
0 0 1
1 2.86822e+06 0
2 0 0
0 0 1
1 2.56526e+06 0
3 0 0
0 0 1
1 2.24426e+06 0
4 0 0
0 0 1
1 1.95012e+06 0
5 0 0
0 0 1
1 1.69243e+06 0
6 0 0
0 0 1
1 1.46141e+06 0
7 0 0
0 0 1
1 1.2535e+06 0
8 0 0
0 0 1
1 1.07156e+06 0
9 0 0
0 0 1
1 913839 0
10 0 0
0 0 1
1 775644 0
11 0 0
0 0 1
1 656803 0
12 0 0
0 0 1
1 559002 0
13 0 0
0 0 1
1 479449 0
14 0 0
0 0 1
1 413322 0
15 0 0
0 0 1
1 359169 0
16 0 0
0 0 1
1 316774 0
17 0 0
0 0 1
1 282839 0
18 0 0
0 0 1
1 253623 0
19 0 0
0 0 1
1 229212 0
20 0 0
0 0 1
1 210866 0
21 0 0
0 0 1
1 196525 0
22 0 0
0 0 1
1 183034 0
23 0 0
0 0 1
1 170747 0
24 0 0
0 0 1
1 162037 0
25 0 0
0 0 1
1 156887 0
26 0 0
0 0 1
1 153437 0
27 0 0
0 0 1
1 151438 0
28 0 0
0 0 1
1 151912 0
29 0 0
0 0 1
1 154536 0
30 0 0
0 0 1
1 158124 0
-1 0 0
