91
1 0 0
0 0 1
1 9.58759e+06 0
2 0 0
0 0 1
1 8.29743e+06 0
3 0 0
0 0 1
1 7.02528e+06 0
4 0 0
0 0 1
1 5.8861e+06 0
5 0 0
0 0 1
1 4.91628e+06 0
6 0 0
0 0 1
1 4.11874e+06 0
7 0 0
0 0 1
1 3.46764e+06 0
8 0 0
0 0 1
1 2.92442e+06 0
9 0 0
0 0 1
1 2.46582e+06 0
10 0 0
0 0 1
1 2.086e+06 0
11 0 0
0 0 1
1 1.77646e+06 0
12 0 0
0 0 1
1 1.52061e+06 0
13 0 0
0 0 1
1 1.30631e+06 0
14 0 0
0 0 1
1 1.12928e+06 0
15 0 0
0 0 1
1 983908 0
16 0 0
0 0 1
1 861716 0
17 0 0
0 0 1
1 758661 0
18 0 0
0 0 1
1 674565 0
19 0 0
0 0 1
1 605494 0
20 0 0
0 0 1
1 544858 0
21 0 0
0 0 1
1 491372 0
22 0 0
0 0 1
1 448109 0
23 0 0
0 0 1
1 414193 0
24 0 0
0 0 1
1 384760 0
25 0 0
0 0 1
1 358765 0
26 0 0
0 0 1
1 339715 0
27 0 0
0 0 1
1 328639 0
28 0 0
0 0 1
1 323046 0
29 0 0
0 0 1
1 323437 0
30 0 0
0 0 1
1 334497 0
-1 0 0
