91
1 0 0
0 0 1
1 1.38742e+07 0
2 0 0
0 0 1
1 1.17668e+07 0
3 0 0
0 0 1
1 9.7311e+06 0
4 0 0
0 0 1
1 7.90014e+06 0
5 0 0
0 0 1
1 6.33635e+06 0
6 0 0
0 0 1
1 5.10581e+06 0
7 0 0
0 0 1
1 4.18573e+06 0
8 0 0
0 0 1
1 3.4692e+06 0
9 0 0
0 0 1
1 2.88348e+06 0
10 0 0
0 0 1
1 2.42156e+06 0
11 0 0
0 0 1
1 2.06649e+06 0
12 0 0
0 0 1
1 1.76998e+06 0
13 0 0
0 0 1
1 1.51059e+06 0
14 0 0
0 0 1
1 1.30498e+06 0
15 0 0
0 0 1
1 1.15264e+06 0
16 0 0
0 0 1
1 1.02315e+06 0
17 0 0
0 0 1
1 903274 0
18 0 0
0 0 1
1 808156 0
19 0 0
0 0 1
1 739650 0
20 0 0
0 0 1
1 676324 0
21 0 0
0 0 1
1 611208 0
22 0 0
0 0 1
1 561188 0
23 0 0
0 0 1
1 532207 0
24 0 0
0 0 1
1 509042 0
25 0 0
0 0 1
1 485699 0
26 0 0
0 0 1
1 474835 0
27 0 0
0 0 1
1 480578 0
28 0 0
0 0 1
1 489996 0
29 0 0
0 0 1
1 497779 0
30 0 0
0 0 1
1 514337 0
-1 0 0
