91
1 0 0
0 0 1
1 5.12884e+06 0
2 0 0
0 0 1
1 4.51394e+06 0
3 0 0
0 0 1
1 3.90843e+06 0
4 0 0
0 0 1
1 3.35551e+06 0
5 0 0
0 0 1
1 2.87013e+06 0
6 0 0
0 0 1
1 2.45382e+06 0
7 0 0
0 0 1
1 2.10426e+06 0
8 0 0
0 0 1
1 1.81473e+06 0
9 0 0
0 0 1
1 1.57444e+06 0
10 0 0
0 0 1
1 1.37337e+06 0
11 0 0
0 0 1
1 1.20473e+06 0
12 0 0
0 0 1
1 1.06282e+06 0
13 0 0
0 0 1
1 941850 0
14 0 0
0 0 1
1 837942 0
15 0 0
0 0 1
1 749593 0
16 0 0
0 0 1
1 675091 0
17 0 0
0 0 1
1 611409 0
18 0 0
0 0 1
1 556336 0
19 0 0
0 0 1
1 509778 0
20 0 0
0 0 1
1 471860 0
21 0 0
0 0 1
1 441059 0
22 0 0
0 0 1
1 415132 0
23 0 0
0 0 1
1 392904 0
24 0 0
0 0 1
1 374467 0
25 0 0
0 0 1
1 360373 0
26 0 0
0 0 1
1 351073 0
27 0 0
0 0 1
1 346375 0
28 0 0
0 0 1
1 344994 0
29 0 0
0 0 1
1 345061 0
30 0 0
0 0 1
1 345103 0
-1 0 0
