91
1 0 0
0 0 1
1 6.05913e+06 0
2 0 0
0 0 1
1 5.47495e+06 0
3 0 0
0 0 1
1 4.89821e+06 0
4 0 0
0 0 1
1 4.3455e+06 0
5 0 0
0 0 1
1 3.81298e+06 0
6 0 0
0 0 1
1 3.30533e+06 0
7 0 0
0 0 1
1 2.83754e+06 0
8 0 0
0 0 1
1 2.4213e+06 0
9 0 0
0 0 1
1 2.05888e+06 0
10 0 0
0 0 1
1 1.74798e+06 0
11 0 0
0 0 1
1 1.48579e+06 0
12 0 0
0 0 1
1 1.26814e+06 0
13 0 0
0 0 1
1 1.08878e+06 0
14 0 0
0 0 1
1 941322 0
15 0 0
0 0 1
1 820626 0
16 0 0
0 0 1
1 722192 0
17 0 0
0 0 1
1 641719 0
18 0 0
0 0 1
1 575489 0
19 0 0
0 0 1
1 520283 0
20 0 0
0 0 1
1 473247 0
21 0 0
0 0 1
1 432963 0
22 0 0
0 0 1
1 400110 0
23 0 0
0 0 1
1 375526 0
24 0 0
0 0 1
1 357819 0
25 0 0
0 0 1
1 344428 0
26 0 0
0 0 1
1 334888 0
27 0 0
0 0 1
1 331154 0
28 0 0
0 0 1
1 334243 0
29 0 0
0 0 1
1 342224 0
30 0 0
0 0 1
1 352134 0
-1 0 0
