91
1 0 0
0 0 1
1 1.50317e+07 0
2 0 0
0 0 1
1 1.24446e+07 0
3 0 0
0 0 1
1 9.8694e+06 0
4 0 0
0 0 1
1 7.66426e+06 0
5 0 0
0 0 1
1 5.92237e+06 0
6 0 0
0 0 1
1 4.60933e+06 0
7 0 0
0 0 1
1 3.66048e+06 0
8 0 0
0 0 1
1 2.98952e+06 0
9 0 0
0 0 1
1 2.5002e+06 0
10 0 0
0 0 1
1 2.12496e+06 0
11 0 0
0 0 1
1 1.83226e+06 0
12 0 0
0 0 1
1 1.59752e+06 0
13 0 0
0 0 1
1 1.39408e+06 0
14 0 0
0 0 1
1 1.21179e+06 0
15 0 0
0 0 1
1 1.0579e+06 0
16 0 0
0 0 1
1 934103 0
17 0 0
0 0 1
1 830171 0
18 0 0
0 0 1
1 740175 0
19 0 0
0 0 1
1 666989 0
20 0 0
0 0 1
1 609222 0
21 0 0
0 0 1
1 559476 0
22 0 0
0 0 1
1 516880 0
23 0 0
0 0 1
1 487223 0
24 0 0
0 0 1
1 469656 0
25 0 0
0 0 1
1 456273 0
26 0 0
0 0 1
1 445575 0
27 0 0
0 0 1
1 444022 0
28 0 0
0 0 1
1 453558 0
29 0 0
0 0 1
1 469221 0
30 0 0
0 0 1
1 489649 0
-1 0 0
