91
1 0 0
0 0 1
1 8.94359e+06 0
2 0 0
0 0 1
1 7.86573e+06 0
3 0 0
0 0 1
1 6.68167e+06 0
4 0 0
0 0 1
1 5.55563e+06 0
5 0 0
0 0 1
1 4.57801e+06 0
6 0 0
0 0 1
1 3.77534e+06 0
7 0 0
0 0 1
1 3.13428e+06 0
8 0 0
0 0 1
1 2.62689e+06 0
9 0 0
0 0 1
1 2.22492e+06 0
10 0 0
0 0 1
1 1.9026e+06 0
11 0 0
0 0 1
1 1.63782e+06 0
12 0 0
0 0 1
1 1.41543e+06 0
13 0 0
0 0 1
1 1.22733e+06 0
14 0 0
0 0 1
1 1.06826e+06 0
15 0 0
0 0 1
1 933459 0
16 0 0
0 0 1
1 820079 0
17 0 0
0 0 1
1 726734 0
18 0 0
0 0 1
1 650406 0
19 0 0
0 0 1
1 586295 0
20 0 0
0 0 1
1 531454 0
21 0 0
0 0 1
1 485849 0
22 0 0
0 0 1
1 449134 0
23 0 0
0 0 1
1 419075 0
24 0 0
0 0 1
1 394062 0
25 0 0
0 0 1
1 374507 0
26 0 0
0 0 1
1 360636 0
27 0 0
0 0 1
1 351351 0
28 0 0
0 0 1
1 346508 0
29 0 0
0 0 1
1 348057 0
30 0 0
0 0 1
1 357451 0
-1 0 0
