91
1 0 0
0 0 1
1 6.39094e+06 0
2 0 0
0 0 1
1 5.5407e+06 0
3 0 0
0 0 1
1 4.62211e+06 0
4 0 0
0 0 1
1 3.76426e+06 0
5 0 0
0 0 1
1 3.04611e+06 0
6 0 0
0 0 1
1 2.48478e+06 0
7 0 0
0 0 1
1 2.05717e+06 0
8 0 0
0 0 1
1 1.73135e+06 0
9 0 0
0 0 1
1 1.48182e+06 0
10 0 0
0 0 1
1 1.288e+06 0
11 0 0
0 0 1
1 1.13202e+06 0
12 0 0
0 0 1
1 1.0018e+06 0
13 0 0
0 0 1
1 891716 0
14 0 0
0 0 1
1 798311 0
15 0 0
0 0 1
1 717805 0
16 0 0
0 0 1
1 647885 0
17 0 0
0 0 1
1 588288 0
18 0 0
0 0 1
1 538254 0
19 0 0
0 0 1
1 495782 0
20 0 0
0 0 1
1 459972 0
21 0 0
0 0 1
1 431385 0
22 0 0
0 0 1
1 409201 0
23 0 0
0 0 1
1 390576 0
24 0 0
0 0 1
1 373895 0
25 0 0
0 0 1
1 360313 0
26 0 0
0 0 1
1 351022 0
27 0 0
0 0 1
1 345314 0
28 0 0
0 0 1
1 342550 0
29 0 0
0 0 1
1 343563 0
30 0 0
0 0 1
1 348336 0
-1 0 0
