91
1 0 0
0 0 1
1 9.1195e+06 0
2 0 0
0 0 1
1 7.74394e+06 0
3 0 0
0 0 1
1 6.34795e+06 0
4 0 0
0 0 1
1 5.12302e+06 0
5 0 0
0 0 1
1 4.13776e+06 0
6 0 0
0 0 1
1 3.37316e+06 0
7 0 0
0 0 1
1 2.7764e+06 0
8 0 0
0 0 1
1 2.29966e+06 0
9 0 0
0 0 1
1 1.91282e+06 0
10 0 0
0 0 1
1 1.59731e+06 0
11 0 0
0 0 1
1 1.3383e+06 0
12 0 0
0 0 1
1 1.12491e+06 0
13 0 0
0 0 1
1 951622 0
14 0 0
0 0 1
1 813770 0
15 0 0
0 0 1
1 703806 0
16 0 0
0 0 1
1 614635 0
17 0 0
0 0 1
1 543134 0
18 0 0
0 0 1
1 486758 0
19 0 0
0 0 1
1 439914 0
20 0 0
0 0 1
1 397790 0
21 0 0
0 0 1
1 361081 0
22 0 0
0 0 1
1 332723 0
23 0 0
0 0 1
1 312026 0
24 0 0
0 0 1
1 295920 0
25 0 0
0 0 1
1 284058 0
26 0 0
0 0 1
1 278670 0
27 0 0
0 0 1
1 280716 0
28 0 0
0 0 1
1 289653 0
29 0 0
0 0 1
1 305455 0
30 0 0
0 0 1
1 327201 0
-1 0 0
