91
1 0 0
0 0 1
1 8.76944e+06 0
2 0 0
0 0 1
1 7.37597e+06 0
3 0 0
0 0 1
1 6.07602e+06 0
4 0 0
0 0 1
1 4.99218e+06 0
5 0 0
0 0 1
1 4.10325e+06 0
6 0 0
0 0 1
1 3.36981e+06 0
7 0 0
0 0 1
1 2.77657e+06 0
8 0 0
0 0 1
1 2.30049e+06 0
9 0 0
0 0 1
1 1.907e+06 0
10 0 0
0 0 1
1 1.58047e+06 0
11 0 0
0 0 1
1 1.32324e+06 0
12 0 0
0 0 1
1 1.12561e+06 0
13 0 0
0 0 1
1 963882 0
14 0 0
0 0 1
1 826513 0
15 0 0
0 0 1
1 717434 0
16 0 0
0 0 1
1 634078 0
17 0 0
0 0 1
1 563395 0
18 0 0
0 0 1
1 499987 0
19 0 0
0 0 1
1 449076 0
20 0 0
0 0 1
1 410234 0
21 0 0
0 0 1
1 374829 0
22 0 0
0 0 1
1 340901 0
23 0 0
0 0 1
1 315385 0
24 0 0
0 0 1
1 299781 0
25 0 0
0 0 1
1 287157 0
26 0 0
0 0 1
1 275229 0
27 0 0
0 0 1
1 270175 0
28 0 0
0 0 1
1 275574 0
29 0 0
0 0 1
1 288460 0
30 0 0
0 0 1
1 307490 0
-1 0 0
