91
1 0 0
0 0 1
1 1.75559e+07 0
2 0 0
0 0 1
1 1.53999e+07 0
3 0 0
0 0 1
1 1.30788e+07 0
4 0 0
0 0 1
1 1.09283e+07 0
5 0 0
0 0 1
1 9.04703e+06 0
6 0 0
0 0 1
1 7.4359e+06 0
7 0 0
0 0 1
1 6.09815e+06 0
8 0 0
0 0 1
1 5.02318e+06 0
9 0 0
0 0 1
1 4.1664e+06 0
10 0 0
0 0 1
1 3.4811e+06 0
11 0 0
0 0 1
1 2.93986e+06 0
12 0 0
0 0 1
1 2.51522e+06 0
13 0 0
0 0 1
1 2.17054e+06 0
14 0 0
0 0 1
1 1.88118e+06 0
15 0 0
0 0 1
1 1.64282e+06 0
16 0 0
0 0 1
1 1.45121e+06 0
17 0 0
0 0 1
1 1.29225e+06 0
18 0 0
0 0 1
1 1.1565e+06 0
19 0 0
0 0 1
1 1.0453e+06 0
20 0 0
0 0 1
1 956716 0
21 0 0
0 0 1
1 880833 0
22 0 0
0 0 1
1 813188 0
23 0 0
0 0 1
1 758846 0
24 0 0
0 0 1
1 719261 0
25 0 0
0 0 1
1 688032 0
26 0 0
0 0 1
1 663186 0
27 0 0
0 0 1
1 651551 0
28 0 0
0 0 1
1 657249 0
29 0 0
0 0 1
1 676204 0
30 0 0
0 0 1
1 704341 0
-1 0 0
