91
1 0 0
0 0 1
1 1.27838e+07 0
2 0 0
0 0 1
1 1.15302e+07 0
3 0 0
0 0 1
1 1.02029e+07 0
4 0 0
0 0 1
1 8.86608e+06 0
5 0 0
0 0 1
1 7.5881e+06 0
6 0 0
0 0 1
1 6.44033e+06 0
7 0 0
0 0 1
1 5.45842e+06 0
8 0 0
0 0 1
1 4.63331e+06 0
9 0 0
0 0 1
1 3.93858e+06 0
10 0 0
0 0 1
1 3.35245e+06 0
11 0 0
0 0 1
1 2.85762e+06 0
12 0 0
0 0 1
1 2.43783e+06 0
13 0 0
0 0 1
1 2.08125e+06 0
14 0 0
0 0 1
1 1.78094e+06 0
15 0 0
0 0 1
1 1.52987e+06 0
16 0 0
0 0 1
1 1.32021e+06 0
17 0 0
0 0 1
1 1.14717e+06 0
18 0 0
0 0 1
1 1.00761e+06 0
19 0 0
0 0 1
1 894473 0
20 0 0
0 0 1
1 798227 0
21 0 0
0 0 1
1 714519 0
22 0 0
0 0 1
1 645485 0
23 0 0
0 0 1
1 592340 0
24 0 0
0 0 1
1 551314 0
25 0 0
0 0 1
1 518395 0
26 0 0
0 0 1
1 493760 0
27 0 0
0 0 1
1 479312 0
28 0 0
0 0 1
1 475112 0
29 0 0
0 0 1
1 480446 0
30 0 0
0 0 1
1 495414 0
-1 0 0
