91
1 0 0
0 0 1
1 9.2615e+06 0
2 0 0
0 0 1
1 7.57685e+06 0
3 0 0
0 0 1
1 5.96193e+06 0
4 0 0
0 0 1
1 4.68672e+06 0
5 0 0
0 0 1
1 3.73901e+06 0
6 0 0
0 0 1
1 3.01075e+06 0
7 0 0
0 0 1
1 2.45045e+06 0
8 0 0
0 0 1
1 2.03663e+06 0
9 0 0
0 0 1
1 1.71794e+06 0
10 0 0
0 0 1
1 1.44494e+06 0
11 0 0
0 0 1
1 1.21413e+06 0
12 0 0
0 0 1
1 1.03722e+06 0
13 0 0
0 0 1
1 898683 0
14 0 0
0 0 1
1 775882 0
15 0 0
0 0 1
1 671776 0
16 0 0
0 0 1
1 596863 0
17 0 0
0 0 1
1 540325 0
18 0 0
0 0 1
1 485352 0
19 0 0
0 0 1
1 434889 0
20 0 0
0 0 1
1 398898 0
21 0 0
0 0 1
1 371600 0
22 0 0
0 0 1
1 342301 0
23 0 0
0 0 1
1 315288 0
24 0 0
0 0 1
1 299869 0
25 0 0
0 0 1
1 292065 0
26 0 0
0 0 1
1 283182 0
27 0 0
0 0 1
1 276405 0
28 0 0
0 0 1
1 279751 0
29 0 0
0 0 1
1 291855 0
30 0 0
0 0 1
1 307995 0
-1 0 0
