91
1 0 0
0 0 1
1 5.17316e+06 0
2 0 0
0 0 1
1 4.69292e+06 0
3 0 0
0 0 1
1 4.14605e+06 0
4 0 0
0 0 1
1 3.576e+06 0
5 0 0
0 0 1
1 3.03223e+06 0
6 0 0
0 0 1
1 2.54476e+06 0
7 0 0
0 0 1
1 2.12496e+06 0
8 0 0
0 0 1
1 1.77546e+06 0
9 0 0
0 0 1
1 1.49203e+06 0
10 0 0
0 0 1
1 1.26329e+06 0
11 0 0
0 0 1
1 1.07684e+06 0
12 0 0
0 0 1
1 925007 0
13 0 0
0 0 1
1 803001 0
14 0 0
0 0 1
1 704421 0
15 0 0
0 0 1
1 622273 0
16 0 0
0 0 1
1 552654 0
17 0 0
0 0 1
1 494451 0
18 0 0
0 0 1
1 446256 0
19 0 0
0 0 1
1 405906 0
20 0 0
0 0 1
1 372321 0
21 0 0
0 0 1
1 345511 0
22 0 0
0 0 1
1 324899 0
23 0 0
0 0 1
1 309247 0
24 0 0
0 0 1
1 298053 0
25 0 0
0 0 1
1 291545 0
26 0 0
0 0 1
1 289337 0
27 0 0
0 0 1
1 290240 0
28 0 0
0 0 1
1 293313 0
29 0 0
0 0 1
1 297892 0
30 0 0
0 0 1
1 302506 0
-1 0 0
