91
1 0 0
0 0 1
1 8.02609e+06 0
2 0 0
0 0 1
1 6.99411e+06 0
3 0 0
0 0 1
1 5.78925e+06 0
4 0 0
0 0 1
1 4.54844e+06 0
5 0 0
0 0 1
1 3.46685e+06 0
6 0 0
0 0 1
1 2.65473e+06 0
7 0 0
0 0 1
1 2.08221e+06 0
8 0 0
0 0 1
1 1.6658e+06 0
9 0 0
0 0 1
1 1.35648e+06 0
10 0 0
0 0 1
1 1.13362e+06 0
11 0 0
0 0 1
1 967890 0
12 0 0
0 0 1
1 828941 0
13 0 0
0 0 1
1 708717 0
14 0 0
0 0 1
1 611285 0
15 0 0
0 0 1
1 531310 0
16 0 0
0 0 1
1 459248 0
17 0 0
0 0 1
1 395852 0
18 0 0
0 0 1
1 345924 0
19 0 0
0 0 1
1 306064 0
20 0 0
0 0 1
1 270550 0
21 0 0
0 0 1
1 241246 0
22 0 0
0 0 1
1 220957 0
23 0 0
0 0 1
1 204330 0
24 0 0
0 0 1
1 185311 0
25 0 0
0 0 1
1 167349 0
26 0 0
0 0 1
1 157268 0
27 0 0
0 0 1
1 154638 0
28 0 0
0 0 1
1 155338 0
29 0 0
0 0 1
1 160296 0
30 0 0
0 0 1
1 172655 0
-1 0 0
