91
1 0 0
0 0 1
1 1.57093e+07 0
2 0 0
0 0 1
1 1.36118e+07 0
3 0 0
0 0 1
1 1.15765e+07 0
4 0 0
0 0 1
1 9.63732e+06 0
5 0 0
0 0 1
1 7.73959e+06 0
6 0 0
0 0 1
1 6.03755e+06 0
7 0 0
0 0 1
1 4.73221e+06 0
8 0 0
0 0 1
1 3.81954e+06 0
9 0 0
0 0 1
1 3.15002e+06 0
10 0 0
0 0 1
1 2.63197e+06 0
11 0 0
0 0 1
1 2.25347e+06 0
12 0 0
0 0 1
1 1.97779e+06 0
13 0 0
0 0 1
1 1.74067e+06 0
14 0 0
0 0 1
1 1.52577e+06 0
15 0 0
0 0 1
1 1.35558e+06 0
16 0 0
0 0 1
1 1.22302e+06 0
17 0 0
0 0 1
1 1.09702e+06 0
18 0 0
0 0 1
1 978421 0
19 0 0
0 0 1
1 891432 0
20 0 0
0 0 1
1 831676 0
21 0 0
0 0 1
1 772877 0
22 0 0
0 0 1
1 714482 0
23 0 0
0 0 1
1 677494 0
24 0 0
0 0 1
1 661660 0
25 0 0
0 0 1
1 647362 0
26 0 0
0 0 1
1 633138 0
27 0 0
0 0 1
1 634831 0
28 0 0
0 0 1
1 652622 0
29 0 0
0 0 1
1 670711 0
30 0 0
0 0 1
1 684429 0
-1 0 0
