91
1 0 0
0 0 1
1 8.64734e+06 0
2 0 0
0 0 1
1 7.37685e+06 0
3 0 0
0 0 1
1 6.0625e+06 0
4 0 0
0 0 1
1 4.78689e+06 0
5 0 0
0 0 1
1 3.67279e+06 0
6 0 0
0 0 1
1 2.83859e+06 0
7 0 0
0 0 1
1 2.28214e+06 0
8 0 0
0 0 1
1 1.89578e+06 0
9 0 0
0 0 1
1 1.59368e+06 0
10 0 0
0 0 1
1 1.36266e+06 0
11 0 0
0 0 1
1 1.19776e+06 0
12 0 0
0 0 1
1 1.06314e+06 0
13 0 0
0 0 1
1 934312 0
14 0 0
0 0 1
1 823833 0
15 0 0
0 0 1
1 742179 0
16 0 0
0 0 1
1 672117 0
17 0 0
0 0 1
1 599902 0
18 0 0
0 0 1
1 537485 0
19 0 0
0 0 1
1 495314 0
20 0 0
0 0 1
1 461538 0
21 0 0
0 0 1
1 425024 0
22 0 0
0 0 1
1 394136 0
23 0 0
0 0 1
1 376882 0
24 0 0
0 0 1
1 364435 0
25 0 0
0 0 1
1 349252 0
26 0 0
0 0 1
1 339893 0
27 0 0
0 0 1
1 343709 0
28 0 0
0 0 1
1 352409 0
29 0 0
0 0 1
1 357934 0
30 0 0
0 0 1
1 366344 0
-1 0 0
