91
1 0 0
0 0 1
1 8.39756e+06 0
2 0 0
0 0 1
1 7.37107e+06 0
3 0 0
0 0 1
1 6.1599e+06 0
4 0 0
0 0 1
1 5.00397e+06 0
5 0 0
0 0 1
1 4.04416e+06 0
6 0 0
0 0 1
1 3.28507e+06 0
7 0 0
0 0 1
1 2.68201e+06 0
8 0 0
0 0 1
1 2.20657e+06 0
9 0 0
0 0 1
1 1.83654e+06 0
10 0 0
0 0 1
1 1.53985e+06 0
11 0 0
0 0 1
1 1.29235e+06 0
12 0 0
0 0 1
1 1.0896e+06 0
13 0 0
0 0 1
1 929736 0
14 0 0
0 0 1
1 801066 0
15 0 0
0 0 1
1 693445 0
16 0 0
0 0 1
1 606437 0
17 0 0
0 0 1
1 539046 0
18 0 0
0 0 1
1 483068 0
19 0 0
0 0 1
1 432507 0
20 0 0
0 0 1
1 389685 0
21 0 0
0 0 1
1 356826 0
22 0 0
0 0 1
1 329860 0
23 0 0
0 0 1
1 305019 0
24 0 0
0 0 1
1 284417 0
25 0 0
0 0 1
1 271010 0
26 0 0
0 0 1
1 263822 0
27 0 0
0 0 1
1 261559 0
28 0 0
0 0 1
1 265973 0
29 0 0
0 0 1
1 278576 0
30 0 0
0 0 1
1 297460 0
-1 0 0
