91
1 0 0
0 0 1
1 6.84108e+06 0
2 0 0
0 0 1
1 6.03779e+06 0
3 0 0
0 0 1
1 5.09976e+06 0
4 0 0
0 0 1
1 4.18093e+06 0
5 0 0
0 0 1
1 3.3916e+06 0
6 0 0
0 0 1
1 2.76318e+06 0
7 0 0
0 0 1
1 2.27204e+06 0
8 0 0
0 0 1
1 1.88749e+06 0
9 0 0
0 0 1
1 1.59129e+06 0
10 0 0
0 0 1
1 1.36606e+06 0
11 0 0
0 0 1
1 1.18848e+06 0
12 0 0
0 0 1
1 1.04003e+06 0
13 0 0
0 0 1
1 914258 0
14 0 0
0 0 1
1 809405 0
15 0 0
0 0 1
1 720724 0
16 0 0
0 0 1
1 643257 0
17 0 0
0 0 1
1 575917 0
18 0 0
0 0 1
1 519054 0
19 0 0
0 0 1
1 471550 0
20 0 0
0 0 1
1 432183 0
21 0 0
0 0 1
1 400269 0
22 0 0
0 0 1
1 373632 0
23 0 0
0 0 1
1 349458 0
24 0 0
0 0 1
1 328115 0
25 0 0
0 0 1
1 312581 0
26 0 0
0 0 1
1 303381 0
27 0 0
0 0 1
1 297827 0
28 0 0
0 0 1
1 294813 0
29 0 0
0 0 1
1 296120 0
30 0 0
0 0 1
1 301884 0
-1 0 0
