91
1 0 0
0 0 1
1 8.92271e+06 0
2 0 0
0 0 1
1 7.8443e+06 0
3 0 0
0 0 1
1 6.66692e+06 0
4 0 0
0 0 1
1 5.5168e+06 0
5 0 0
0 0 1
1 4.49228e+06 0
6 0 0
0 0 1
1 3.64232e+06 0
7 0 0
0 0 1
1 2.96674e+06 0
8 0 0
0 0 1
1 2.43803e+06 0
9 0 0
0 0 1
1 2.02379e+06 0
10 0 0
0 0 1
1 1.6962e+06 0
11 0 0
0 0 1
1 1.43284e+06 0
12 0 0
0 0 1
1 1.21735e+06 0
13 0 0
0 0 1
1 1.03984e+06 0
14 0 0
0 0 1
1 894230 0
15 0 0
0 0 1
1 774779 0
16 0 0
0 0 1
1 675832 0
17 0 0
0 0 1
1 593774 0
18 0 0
0 0 1
1 526823 0
19 0 0
0 0 1
1 472725 0
20 0 0
0 0 1
1 428111 0
21 0 0
0 0 1
1 390263 0
22 0 0
0 0 1
1 358139 0
23 0 0
0 0 1
1 331465 0
24 0 0
0 0 1
1 310218 0
25 0 0
0 0 1
1 295144 0
26 0 0
0 0 1
1 287131 0
27 0 0
0 0 1
1 285570 0
28 0 0
0 0 1
1 288990 0
29 0 0
0 0 1
1 297950 0
30 0 0
0 0 1
1 315031 0
-1 0 0
