91
1 0 0
0 0 1
1 5.54554e+06 0
2 0 0
0 0 1
1 4.91323e+06 0
3 0 0
0 0 1
1 4.23362e+06 0
4 0 0
0 0 1
1 3.57968e+06 0
5 0 0
0 0 1
1 3.00152e+06 0
6 0 0
0 0 1
1 2.52113e+06 0
7 0 0
0 0 1
1 2.13356e+06 0
8 0 0
0 0 1
1 1.82166e+06 0
9 0 0
0 0 1
1 1.57109e+06 0
10 0 0
0 0 1
1 1.37126e+06 0
11 0 0
0 0 1
1 1.20921e+06 0
12 0 0
0 0 1
1 1.07102e+06 0
13 0 0
0 0 1
1 949001 0
14 0 0
0 0 1
1 842309 0
15 0 0
0 0 1
1 750719 0
16 0 0
0 0 1
1 671779 0
17 0 0
0 0 1
1 603480 0
18 0 0
0 0 1
1 545345 0
19 0 0
0 0 1
1 496086 0
20 0 0
0 0 1
1 453228 0
21 0 0
0 0 1
1 415710 0
22 0 0
0 0 1
1 384313 0
23 0 0
0 0 1
1 358945 0
24 0 0
0 0 1
1 337786 0
25 0 0
0 0 1
1 319778 0
26 0 0
0 0 1
1 305888 0
27 0 0
0 0 1
1 297011 0
28 0 0
0 0 1
1 292152 0
29 0 0
0 0 1
1 289522 0
30 0 0
0 0 1
1 288249 0
-1 0 0
