91
1 0 0
0 0 1
1 5.41341e+06 0
2 0 0
0 0 1
1 4.80735e+06 0
3 0 0
0 0 1
1 4.16582e+06 0
4 0 0
0 0 1
1 3.52554e+06 0
5 0 0
0 0 1
1 2.92411e+06 0
6 0 0
0 0 1
1 2.40303e+06 0
7 0 0
0 0 1
1 1.98468e+06 0
8 0 0
0 0 1
1 1.6609e+06 0
9 0 0
0 0 1
1 1.40882e+06 0
10 0 0
0 0 1
1 1.21001e+06 0
11 0 0
0 0 1
1 1.05255e+06 0
12 0 0
0 0 1
1 925110 0
13 0 0
0 0 1
1 817763 0
14 0 0
0 0 1
1 725926 0
15 0 0
0 0 1
1 648422 0
16 0 0
0 0 1
1 583043 0
17 0 0
0 0 1
1 527178 0
18 0 0
0 0 1
1 480612 0
19 0 0
0 0 1
1 443813 0
20 0 0
0 0 1
1 414438 0
21 0 0
0 0 1
1 388687 0
22 0 0
0 0 1
1 365553 0
23 0 0
0 0 1
1 347014 0
24 0 0
0 0 1
1 334379 0
25 0 0
0 0 1
1 326770 0
26 0 0
0 0 1
1 322878 0
27 0 0
0 0 1
1 321886 0
28 0 0
0 0 1
1 322584 0
29 0 0
0 0 1
1 323554 0
30 0 0
0 0 1
1 324438 0
-1 0 0
