91
1 0 0
0 0 1
1 5.44143e+06 0
2 0 0
0 0 1
1 4.90201e+06 0
3 0 0
0 0 1
1 4.27452e+06 0
4 0 0
0 0 1
1 3.58322e+06 0
5 0 0
0 0 1
1 2.922e+06 0
6 0 0
0 0 1
1 2.37093e+06 0
7 0 0
0 0 1
1 1.94481e+06 0
8 0 0
0 0 1
1 1.619e+06 0
9 0 0
0 0 1
1 1.37019e+06 0
10 0 0
0 0 1
1 1.18174e+06 0
11 0 0
0 0 1
1 1.03449e+06 0
12 0 0
0 0 1
1 912254 0
13 0 0
0 0 1
1 809539 0
14 0 0
0 0 1
1 724791 0
15 0 0
0 0 1
1 652222 0
16 0 0
0 0 1
1 586486 0
17 0 0
0 0 1
1 528817 0
18 0 0
0 0 1
1 481960 0
19 0 0
0 0 1
1 443568 0
20 0 0
0 0 1
1 409772 0
21 0 0
0 0 1
1 381087 0
22 0 0
0 0 1
1 359722 0
23 0 0
0 0 1
1 344155 0
24 0 0
0 0 1
1 330826 0
25 0 0
0 0 1
1 318926 0
26 0 0
0 0 1
1 309813 0
27 0 0
0 0 1
1 303620 0
28 0 0
0 0 1
1 299672 0
29 0 0
0 0 1
1 298757 0
30 0 0
0 0 1
1 302078 0
-1 0 0
