91
1 0 0
0 0 1
1 1.34343e+07 0
2 0 0
0 0 1
1 1.22884e+07 0
3 0 0
0 0 1
1 1.0958e+07 0
4 0 0
0 0 1
1 9.5458e+06 0
5 0 0
0 0 1
1 8.19569e+06 0
6 0 0
0 0 1
1 6.98418e+06 0
7 0 0
0 0 1
1 5.92699e+06 0
8 0 0
0 0 1
1 5.02736e+06 0
9 0 0
0 0 1
1 4.27889e+06 0
10 0 0
0 0 1
1 3.65634e+06 0
11 0 0
0 0 1
1 3.13626e+06 0
12 0 0
0 0 1
1 2.71124e+06 0
13 0 0
0 0 1
1 2.37065e+06 0
14 0 0
0 0 1
1 2.0883e+06 0
15 0 0
0 0 1
1 1.84311e+06 0
16 0 0
0 0 1
1 1.63391e+06 0
17 0 0
0 0 1
1 1.46211e+06 0
18 0 0
0 0 1
1 1.31669e+06 0
19 0 0
0 0 1
1 1.18757e+06 0
20 0 0
0 0 1
1 1.07785e+06 0
21 0 0
0 0 1
1 991170 0
22 0 0
0 0 1
1 920074 0
23 0 0
0 0 1
1 857232 0
24 0 0
0 0 1
1 806286 0
25 0 0
0 0 1
1 772014 0
26 0 0
0 0 1
1 750305 0
27 0 0
0 0 1
1 736487 0
28 0 0
0 0 1
1 733579 0
29 0 0
0 0 1
1 743660 0
30 0 0
0 0 1
1 759260 0
-1 0 0
