91
1 0 0
0 0 1
1 1.48605e+07 0
2 0 0
0 0 1
1 1.26497e+07 0
3 0 0
0 0 1
1 1.01965e+07 0
4 0 0
0 0 1
1 7.95995e+06 0
5 0 0
0 0 1
1 6.23086e+06 0
6 0 0
0 0 1
1 4.99087e+06 0
7 0 0
0 0 1
1 4.07828e+06 0
8 0 0
0 0 1
1 3.38963e+06 0
9 0 0
0 0 1
1 2.887e+06 0
10 0 0
0 0 1
1 2.5152e+06 0
11 0 0
0 0 1
1 2.2064e+06 0
12 0 0
0 0 1
1 1.93617e+06 0
13 0 0
0 0 1
1 1.71325e+06 0
14 0 0
0 0 1
1 1.52953e+06 0
15 0 0
0 0 1
1 1.36265e+06 0
16 0 0
0 0 1
1 1.21194e+06 0
17 0 0
0 0 1
1 1.09177e+06 0
18 0 0
0 0 1
1 998411 0
19 0 0
0 0 1
1 914572 0
20 0 0
0 0 1
1 838582 0
21 0 0
0 0 1
1 781143 0
22 0 0
0 0 1
1 739752 0
23 0 0
0 0 1
1 701058 0
24 0 0
0 0 1
1 663839 0
25 0 0
0 0 1
1 638362 0
26 0 0
0 0 1
1 626870 0
27 0 0
0 0 1
1 622916 0
28 0 0
0 0 1
1 625756 0
29 0 0
0 0 1
1 639114 0
30 0 0
0 0 1
1 660017 0
-1 0 0
