91
1 0 0
0 0 1
1 5.80069e+06 0
2 0 0
0 0 1
1 5.26952e+06 0
3 0 0
0 0 1
1 4.61073e+06 0
4 0 0
0 0 1
1 3.9199e+06 0
5 0 0
0 0 1
1 3.29976e+06 0
6 0 0
0 0 1
1 2.79305e+06 0
7 0 0
0 0 1
1 2.39024e+06 0
8 0 0
0 0 1
1 2.06884e+06 0
9 0 0
0 0 1
1 1.8109e+06 0
10 0 0
0 0 1
1 1.60097e+06 0
11 0 0
0 0 1
1 1.42684e+06 0
12 0 0
0 0 1
1 1.28214e+06 0
13 0 0
0 0 1
1 1.16231e+06 0
14 0 0
0 0 1
1 1.06072e+06 0
15 0 0
0 0 1
1 971618 0
16 0 0
0 0 1
1 893393 0
17 0 0
0 0 1
1 825909 0
18 0 0
0 0 1
1 767748 0
19 0 0
0 0 1
1 717858 0
20 0 0
0 0 1
1 676464 0
21 0 0
0 0 1
1 642537 0
22 0 0
0 0 1
1 613388 0
23 0 0
0 0 1
1 587996 0
24 0 0
0 0 1
1 567647 0
25 0 0
0 0 1
1 552391 0
26 0 0
0 0 1
1 540150 0
27 0 0
0 0 1
1 530234 0
28 0 0
0 0 1
1 524358 0
29 0 0
0 0 1
1 523042 0
30 0 0
0 0 1
1 524013 0
-1 0 0
