91
1 0 0
0 0 1
1 1.72909e+07 0
2 0 0
0 0 1
1 1.48708e+07 0
3 0 0
0 0 1
1 1.23133e+07 0
4 0 0
0 0 1
1 9.94317e+06 0
5 0 0
0 0 1
1 7.94313e+06 0
6 0 0
0 0 1
1 6.34914e+06 0
7 0 0
0 0 1
1 5.11571e+06 0
8 0 0
0 0 1
1 4.1713e+06 0
9 0 0
0 0 1
1 3.44244e+06 0
10 0 0
0 0 1
1 2.86906e+06 0
11 0 0
0 0 1
1 2.413e+06 0
12 0 0
0 0 1
1 2.04963e+06 0
13 0 0
0 0 1
1 1.75563e+06 0
14 0 0
0 0 1
1 1.51148e+06 0
15 0 0
0 0 1
1 1.30903e+06 0
16 0 0
0 0 1
1 1.14593e+06 0
17 0 0
0 0 1
1 1.0151e+06 0
18 0 0
0 0 1
1 906524 0
19 0 0
0 0 1
1 815592 0
20 0 0
0 0 1
1 741721 0
21 0 0
0 0 1
1 681413 0
22 0 0
0 0 1
1 629863 0
23 0 0
0 0 1
1 587427 0
24 0 0
0 0 1
1 557654 0
25 0 0
0 0 1
1 540380 0
26 0 0
0 0 1
1 532889 0
27 0 0
0 0 1
1 536590 0
28 0 0
0 0 1
1 556212 0
29 0 0
0 0 1
1 592308 0
30 0 0
0 0 1
1 639042 0
-1 0 0
