91
1 0 0
0 0 1
1 6.59694e+06 0
2 0 0
0 0 1
1 5.91277e+06 0
3 0 0
0 0 1
1 5.17546e+06 0
4 0 0
0 0 1
1 4.42535e+06 0
5 0 0
0 0 1
1 3.74181e+06 0
6 0 0
0 0 1
1 3.16855e+06 0
7 0 0
0 0 1
1 2.68538e+06 0
8 0 0
0 0 1
1 2.26373e+06 0
9 0 0
0 0 1
1 1.90643e+06 0
10 0 0
0 0 1
1 1.62034e+06 0
11 0 0
0 0 1
1 1.38826e+06 0
12 0 0
0 0 1
1 1.18903e+06 0
13 0 0
0 0 1
1 1.02108e+06 0
14 0 0
0 0 1
1 888102 0
15 0 0
0 0 1
1 780230 0
16 0 0
0 0 1
1 685300 0
17 0 0
0 0 1
1 604147 0
18 0 0
0 0 1
1 540559 0
19 0 0
0 0 1
1 487943 0
20 0 0
0 0 1
1 438340 0
21 0 0
0 0 1
1 394530 0
22 0 0
0 0 1
1 361839 0
23 0 0
0 0 1
1 336474 0
24 0 0
0 0 1
1 312181 0
25 0 0
0 0 1
1 291040 0
26 0 0
0 0 1
1 278319 0
27 0 0
0 0 1
1 273046 0
28 0 0
0 0 1
1 272053 0
29 0 0
0 0 1
1 277359 0
30 0 0
0 0 1
1 291329 0
-1 0 0
