91
1 0 0
0 0 1
1 1.12775e+07 0
2 0 0
0 0 1
1 9.85471e+06 0
3 0 0
0 0 1
1 8.32806e+06 0
4 0 0
0 0 1
1 6.91503e+06 0
5 0 0
0 0 1
1 5.72462e+06 0
6 0 0
0 0 1
1 4.76876e+06 0
7 0 0
0 0 1
1 4.01372e+06 0
8 0 0
0 0 1
1 3.41989e+06 0
9 0 0
0 0 1
1 2.9536e+06 0
10 0 0
0 0 1
1 2.58473e+06 0
11 0 0
0 0 1
1 2.28596e+06 0
12 0 0
0 0 1
1 2.03618e+06 0
13 0 0
0 0 1
1 1.82193e+06 0
14 0 0
0 0 1
1 1.63551e+06 0
15 0 0
0 0 1
1 1.47294e+06 0
16 0 0
0 0 1
1 1.33292e+06 0
17 0 0
0 0 1
1 1.21466e+06 0
18 0 0
0 0 1
1 1.11548e+06 0
19 0 0
0 0 1
1 1.03164e+06 0
20 0 0
0 0 1
1 961439 0
21 0 0
0 0 1
1 904843 0
22 0 0
0 0 1
1 859523 0
23 0 0
0 0 1
1 820220 0
24 0 0
0 0 1
1 784013 0
25 0 0
0 0 1
1 753971 0
26 0 0
0 0 1
1 735120 0
27 0 0
0 0 1
1 728014 0
28 0 0
0 0 1
1 728331 0
29 0 0
0 0 1
1 731700 0
30 0 0
0 0 1
1 736584 0
-1 0 0
