91
1 0 0
0 0 1
1 6.92432e+06 0
2 0 0
0 0 1
1 5.87645e+06 0
3 0 0
0 0 1
1 4.87815e+06 0
4 0 0
0 0 1
1 4.02051e+06 0
5 0 0
0 0 1
1 3.30723e+06 0
6 0 0
0 0 1
1 2.72042e+06 0
7 0 0
0 0 1
1 2.25013e+06 0
8 0 0
0 0 1
1 1.88054e+06 0
9 0 0
0 0 1
1 1.58479e+06 0
10 0 0
0 0 1
1 1.34188e+06 0
11 0 0
0 0 1
1 1.14388e+06 0
12 0 0
0 0 1
1 984376 0
13 0 0
0 0 1
1 852550 0
14 0 0
0 0 1
1 741359 0
15 0 0
0 0 1
1 650528 0
16 0 0
0 0 1
1 578306 0
17 0 0
0 0 1
1 518226 0
18 0 0
0 0 1
1 466041 0
19 0 0
0 0 1
1 422554 0
20 0 0
0 0 1
1 387525 0
21 0 0
0 0 1
1 357153 0
22 0 0
0 0 1
1 329509 0
23 0 0
0 0 1
1 306854 0
24 0 0
0 0 1
1 290635 0
25 0 0
0 0 1
1 278950 0
26 0 0
0 0 1
1 270617 0
27 0 0
0 0 1
1 267524 0
28 0 0
0 0 1
1 271346 0
29 0 0
0 0 1
1 281231 0
30 0 0
0 0 1
1 295477 0
-1 0 0
