91
1 0 0
0 0 1
1 7.90394e+06 0
2 0 0
0 0 1
1 6.74336e+06 0
3 0 0
0 0 1
1 5.52565e+06 0
4 0 0
0 0 1
1 4.35108e+06 0
5 0 0
0 0 1
1 3.3485e+06 0
6 0 0
0 0 1
1 2.59315e+06 0
7 0 0
0 0 1
1 2.06151e+06 0
8 0 0
0 0 1
1 1.6818e+06 0
9 0 0
0 0 1
1 1.40095e+06 0
10 0 0
0 0 1
1 1.1929e+06 0
11 0 0
0 0 1
1 1.03496e+06 0
12 0 0
0 0 1
1 905358 0
13 0 0
0 0 1
1 794960 0
14 0 0
0 0 1
1 703242 0
15 0 0
0 0 1
1 626097 0
16 0 0
0 0 1
1 557513 0
17 0 0
0 0 1
1 497492 0
18 0 0
0 0 1
1 448636 0
19 0 0
0 0 1
1 408767 0
20 0 0
0 0 1
1 374046 0
21 0 0
0 0 1
1 345287 0
22 0 0
0 0 1
1 324733 0
23 0 0
0 0 1
1 310297 0
24 0 0
0 0 1
1 298537 0
25 0 0
0 0 1
1 289887 0
26 0 0
0 0 1
1 286114 0
27 0 0
0 0 1
1 286102 0
28 0 0
0 0 1
1 288588 0
29 0 0
0 0 1
1 295673 0
30 0 0
0 0 1
1 309431 0
-1 0 0
