91
1 0 0
0 0 1
1 7.05327e+06 0
2 0 0
0 0 1
1 5.94702e+06 0
3 0 0
0 0 1
1 4.798e+06 0
4 0 0
0 0 1
1 3.80233e+06 0
5 0 0
0 0 1
1 3.02951e+06 0
6 0 0
0 0 1
1 2.44597e+06 0
7 0 0
0 0 1
1 2.00296e+06 0
8 0 0
0 0 1
1 1.6727e+06 0
9 0 0
0 0 1
1 1.42853e+06 0
10 0 0
0 0 1
1 1.2373e+06 0
11 0 0
0 0 1
1 1.07814e+06 0
12 0 0
0 0 1
1 946981 0
13 0 0
0 0 1
1 839694 0
14 0 0
0 0 1
1 746240 0
15 0 0
0 0 1
1 662157 0
16 0 0
0 0 1
1 591231 0
17 0 0
0 0 1
1 534377 0
18 0 0
0 0 1
1 486564 0
19 0 0
0 0 1
1 445499 0
20 0 0
0 0 1
1 413187 0
21 0 0
0 0 1
1 388015 0
22 0 0
0 0 1
1 364578 0
23 0 0
0 0 1
1 342417 0
24 0 0
0 0 1
1 326622 0
25 0 0
0 0 1
1 318835 0
26 0 0
0 0 1
1 315201 0
27 0 0
0 0 1
1 313934 0
28 0 0
0 0 1
1 317512 0
29 0 0
0 0 1
1 326377 0
30 0 0
0 0 1
1 337198 0
-1 0 0
