91
1 0 0
0 0 1
1 7.21355e+06 0
2 0 0
0 0 1
1 6.14129e+06 0
3 0 0
0 0 1
1 5.06865e+06 0
4 0 0
0 0 1
1 4.09746e+06 0
5 0 0
0 0 1
1 3.28824e+06 0
6 0 0
0 0 1
1 2.65745e+06 0
7 0 0
0 0 1
1 2.18052e+06 0
8 0 0
0 0 1
1 1.8203e+06 0
9 0 0
0 0 1
1 1.54962e+06 0
10 0 0
0 0 1
1 1.3466e+06 0
11 0 0
0 0 1
1 1.18635e+06 0
12 0 0
0 0 1
1 1.04984e+06 0
13 0 0
0 0 1
1 932428 0
14 0 0
0 0 1
1 835272 0
15 0 0
0 0 1
1 754326 0
16 0 0
0 0 1
1 683659 0
17 0 0
0 0 1
1 622521 0
18 0 0
0 0 1
1 571999 0
19 0 0
0 0 1
1 529310 0
20 0 0
0 0 1
1 491068 0
21 0 0
0 0 1
1 458202 0
22 0 0
0 0 1
1 432712 0
23 0 0
0 0 1
1 412968 0
24 0 0
0 0 1
1 396323 0
25 0 0
0 0 1
1 383142 0
26 0 0
0 0 1
1 374623 0
27 0 0
0 0 1
1 369680 0
28 0 0
0 0 1
1 367240 0
29 0 0
0 0 1
1 368741 0
30 0 0
0 0 1
1 375585 0
-1 0 0
