91
1 0 0
0 0 1
1 7.53514e+06 0
2 0 0
0 0 1
1 6.58076e+06 0
3 0 0
0 0 1
1 5.60022e+06 0
4 0 0
0 0 1
1 4.68909e+06 0
5 0 0
0 0 1
1 3.89312e+06 0
6 0 0
0 0 1
1 3.22138e+06 0
7 0 0
0 0 1
1 2.66077e+06 0
8 0 0
0 0 1
1 2.19563e+06 0
9 0 0
0 0 1
1 1.81616e+06 0
10 0 0
0 0 1
1 1.51069e+06 0
11 0 0
0 0 1
1 1.26213e+06 0
12 0 0
0 0 1
1 1.05731e+06 0
13 0 0
0 0 1
1 891804 0
14 0 0
0 0 1
1 761742 0
15 0 0
0 0 1
1 658440 0
16 0 0
0 0 1
1 574424 0
17 0 0
0 0 1
1 507638 0
18 0 0
0 0 1
1 455984 0
19 0 0
0 0 1
1 414020 0
20 0 0
0 0 1
1 378396 0
21 0 0
0 0 1
1 350619 0
22 0 0
0 0 1
1 331079 0
23 0 0
0 0 1
1 315848 0
24 0 0
0 0 1
1 302669 0
25 0 0
0 0 1
1 294939 0
26 0 0
0 0 1
1 296044 0
27 0 0
0 0 1
1 303812 0
28 0 0
0 0 1
1 313580 0
29 0 0
0 0 1
1 322993 0
30 0 0
0 0 1
1 331259 0
-1 0 0
