91
1 0 0
0 0 1
1 8.04436e+06 0
2 0 0
0 0 1
1 6.8773e+06 0
3 0 0
0 0 1
1 5.63313e+06 0
4 0 0
0 0 1
1 4.51768e+06 0
5 0 0
0 0 1
1 3.62435e+06 0
6 0 0
0 0 1
1 2.93391e+06 0
7 0 0
0 0 1
1 2.39745e+06 0
8 0 0
0 0 1
1 1.97961e+06 0
9 0 0
0 0 1
1 1.64888e+06 0
10 0 0
0 0 1
1 1.37645e+06 0
11 0 0
0 0 1
1 1.15053e+06 0
12 0 0
0 0 1
1 970274 0
13 0 0
0 0 1
1 826827 0
14 0 0
0 0 1
1 706135 0
15 0 0
0 0 1
1 604876 0
16 0 0
0 0 1
1 526959 0
17 0 0
0 0 1
1 467905 0
18 0 0
0 0 1
1 417104 0
19 0 0
0 0 1
1 372115 0
20 0 0
0 0 1
1 337335 0
21 0 0
0 0 1
1 311238 0
22 0 0
0 0 1
1 287266 0
23 0 0
0 0 1
1 265298 0
24 0 0
0 0 1
1 250753 0
25 0 0
0 0 1
1 243579 0
26 0 0
0 0 1
1 238561 0
27 0 0
0 0 1
1 235890 0
28 0 0
0 0 1
1 241992 0
29 0 0
0 0 1
1 259554 0
30 0 0
0 0 1
1 284032 0
-1 0 0
