91
1 0 0
0 0 1
1 7.27541e+06 0
2 0 0
0 0 1
1 6.3205e+06 0
3 0 0
0 0 1
1 5.27583e+06 0
4 0 0
0 0 1
1 4.2349e+06 0
5 0 0
0 0 1
1 3.29491e+06 0
6 0 0
0 0 1
1 2.54753e+06 0
7 0 0
0 0 1
1 2.01701e+06 0
8 0 0
0 0 1
1 1.651e+06 0
9 0 0
0 0 1
1 1.38344e+06 0
10 0 0
0 0 1
1 1.18171e+06 0
11 0 0
0 0 1
1 1.03201e+06 0
12 0 0
0 0 1
1 914379 0
13 0 0
0 0 1
1 811204 0
14 0 0
0 0 1
1 721118 0
15 0 0
0 0 1
1 647919 0
16 0 0
0 0 1
1 586445 0
17 0 0
0 0 1
1 530034 0
18 0 0
0 0 1
1 481054 0
19 0 0
0 0 1
1 443449 0
20 0 0
0 0 1
1 413307 0
21 0 0
0 0 1
1 385856 0
22 0 0
0 0 1
1 364182 0
23 0 0
0 0 1
1 352373 0
24 0 0
0 0 1
1 346502 0
25 0 0
0 0 1
1 340591 0
26 0 0
0 0 1
1 335995 0
27 0 0
0 0 1
1 337115 0
28 0 0
0 0 1
1 342209 0
29 0 0
0 0 1
1 345714 0
30 0 0
0 0 1
1 346440 0
-1 0 0
