91
1 0 0
0 0 1
1 1.47357e+07 0
2 0 0
0 0 1
1 1.29264e+07 0
3 0 0
0 0 1
1 1.08709e+07 0
4 0 0
0 0 1
1 8.84138e+06 0
5 0 0
0 0 1
1 7.08026e+06 0
6 0 0
0 0 1
1 5.67989e+06 0
7 0 0
0 0 1
1 4.59605e+06 0
8 0 0
0 0 1
1 3.75445e+06 0
9 0 0
0 0 1
1 3.10462e+06 0
10 0 0
0 0 1
1 2.59957e+06 0
11 0 0
0 0 1
1 2.18816e+06 0
12 0 0
0 0 1
1 1.84199e+06 0
13 0 0
0 0 1
1 1.55901e+06 0
14 0 0
0 0 1
1 1.33413e+06 0
15 0 0
0 0 1
1 1.14905e+06 0
16 0 0
0 0 1
1 992653 0
17 0 0
0 0 1
1 867699 0
18 0 0
0 0 1
1 772500 0
19 0 0
0 0 1
1 694768 0
20 0 0
0 0 1
1 627580 0
21 0 0
0 0 1
1 574588 0
22 0 0
0 0 1
1 535496 0
23 0 0
0 0 1
1 501625 0
24 0 0
0 0 1
1 469893 0
25 0 0
0 0 1
1 447339 0
26 0 0
0 0 1
1 437569 0
27 0 0
0 0 1
1 435192 0
28 0 0
0 0 1
1 438041 0
29 0 0
0 0 1
1 453237 0
30 0 0
0 0 1
1 485548 0
-1 0 0
