91
1 0 0
0 0 1
1 6.8559e+06 0
2 0 0
0 0 1
1 5.80755e+06 0
3 0 0
0 0 1
1 4.83627e+06 0
4 0 0
0 0 1
1 3.953e+06 0
5 0 0
0 0 1
1 3.16678e+06 0
6 0 0
0 0 1
1 2.51722e+06 0
7 0 0
0 0 1
1 2.0223e+06 0
8 0 0
0 0 1
1 1.65627e+06 0
9 0 0
0 0 1
1 1.38253e+06 0
10 0 0
0 0 1
1 1.17755e+06 0
11 0 0
0 0 1
1 1.02225e+06 0
12 0 0
0 0 1
1 896690 0
13 0 0
0 0 1
1 790544 0
14 0 0
0 0 1
1 703651 0
15 0 0
0 0 1
1 633307 0
16 0 0
0 0 1
1 571922 0
17 0 0
0 0 1
1 516840 0
18 0 0
0 0 1
1 470927 0
19 0 0
0 0 1
1 433187 0
20 0 0
0 0 1
1 398748 0
21 0 0
0 0 1
1 367919 0
22 0 0
0 0 1
1 345588 0
23 0 0
0 0 1
1 331489 0
24 0 0
0 0 1
1 319995 0
25 0 0
0 0 1
1 309937 0
26 0 0
0 0 1
1 306244 0
27 0 0
0 0 1
1 310835 0
28 0 0
0 0 1
1 319301 0
29 0 0
0 0 1
1 327651 0
30 0 0
0 0 1
1 335852 0
-1 0 0
