91
1 0 0
0 0 1
1 1.36947e+07 0
2 0 0
0 0 1
1 1.21583e+07 0
3 0 0
0 0 1
1 1.07575e+07 0
4 0 0
0 0 1
1 9.4405e+06 0
5 0 0
0 0 1
1 8.15852e+06 0
6 0 0
0 0 1
1 6.93631e+06 0
7 0 0
0 0 1
1 5.82732e+06 0
8 0 0
0 0 1
1 4.85816e+06 0
9 0 0
0 0 1
1 4.02928e+06 0
10 0 0
0 0 1
1 3.33544e+06 0
11 0 0
0 0 1
1 2.76584e+06 0
12 0 0
0 0 1
1 2.30038e+06 0
13 0 0
0 0 1
1 1.92068e+06 0
14 0 0
0 0 1
1 1.61747e+06 0
15 0 0
0 0 1
1 1.38099e+06 0
16 0 0
0 0 1
1 1.1943e+06 0
17 0 0
0 0 1
1 1.04274e+06 0
18 0 0
0 0 1
1 921180 0
19 0 0
0 0 1
1 826156 0
20 0 0
0 0 1
1 748630 0
21 0 0
0 0 1
1 680734 0
22 0 0
0 0 1
1 622730 0
23 0 0
0 0 1
1 577271 0
24 0 0
0 0 1
1 542544 0
25 0 0
0 0 1
1 516614 0
26 0 0
0 0 1
1 503225 0
27 0 0
0 0 1
1 507223 0
28 0 0
0 0 1
1 527591 0
29 0 0
0 0 1
1 559199 0
30 0 0
0 0 1
1 597300 0
-1 0 0
