91
1 0 0
0 0 1
1 1.04841e+07 0
2 0 0
0 0 1
1 9.08993e+06 0
3 0 0
0 0 1
1 7.61066e+06 0
4 0 0
0 0 1
1 6.16686e+06 0
5 0 0
0 0 1
1 4.90553e+06 0
6 0 0
0 0 1
1 3.92202e+06 0
7 0 0
0 0 1
1 3.20169e+06 0
8 0 0
0 0 1
1 2.66889e+06 0
9 0 0
0 0 1
1 2.26583e+06 0
10 0 0
0 0 1
1 1.96272e+06 0
11 0 0
0 0 1
1 1.72757e+06 0
12 0 0
0 0 1
1 1.52842e+06 0
13 0 0
0 0 1
1 1.35536e+06 0
14 0 0
0 0 1
1 1.21241e+06 0
15 0 0
0 0 1
1 1.09366e+06 0
16 0 0
0 0 1
1 987156 0
17 0 0
0 0 1
1 893692 0
18 0 0
0 0 1
1 821283 0
19 0 0
0 0 1
1 766000 0
20 0 0
0 0 1
1 715613 0
21 0 0
0 0 1
1 668095 0
22 0 0
0 0 1
1 630945 0
23 0 0
0 0 1
1 605346 0
24 0 0
0 0 1
1 585167 0
25 0 0
0 0 1
1 569514 0
26 0 0
0 0 1
1 563547 0
27 0 0
0 0 1
1 567803 0
28 0 0
0 0 1
1 577091 0
29 0 0
0 0 1
1 588454 0
30 0 0
0 0 1
1 601168 0
-1 0 0
