91
1 0 0
0 0 1
1 6.21558e+06 0
2 0 0
0 0 1
1 5.42306e+06 0
3 0 0
0 0 1
1 4.60773e+06 0
4 0 0
0 0 1
1 3.84989e+06 0
5 0 0
0 0 1
1 3.2013e+06 0
6 0 0
0 0 1
1 2.67652e+06 0
7 0 0
0 0 1
1 2.2635e+06 0
8 0 0
0 0 1
1 1.94108e+06 0
9 0 0
0 0 1
1 1.68894e+06 0
10 0 0
0 0 1
1 1.48928e+06 0
11 0 0
0 0 1
1 1.32738e+06 0
12 0 0
0 0 1
1 1.19277e+06 0
13 0 0
0 0 1
1 1.0788e+06 0
14 0 0
0 0 1
1 980895 0
15 0 0
0 0 1
1 896165 0
16 0 0
0 0 1
1 823684 0
17 0 0
0 0 1
1 762939 0
18 0 0
0 0 1
1 711927 0
19 0 0
0 0 1
1 667940 0
20 0 0
0 0 1
1 629755 0
21 0 0
0 0 1
1 597500 0
22 0 0
0 0 1
1 570700 0
23 0 0
0 0 1
1 548185 0
24 0 0
0 0 1
1 529952 0
25 0 0
0 0 1
1 517309 0
26 0 0
0 0 1
1 510700 0
27 0 0
0 0 1
1 508819 0
28 0 0
0 0 1
1 510274 0
29 0 0
0 0 1
1 514522 0
30 0 0
0 0 1
1 520343 0
-1 0 0
