91
1 0 0
0 0 1
1 1.48221e+07 0
2 0 0
0 0 1
1 1.25686e+07 0
3 0 0
0 0 1
1 1.0157e+07 0
4 0 0
0 0 1
1 8.03468e+06 0
5 0 0
0 0 1
1 6.38675e+06 0
6 0 0
0 0 1
1 5.16043e+06 0
7 0 0
0 0 1
1 4.2458e+06 0
8 0 0
0 0 1
1 3.57406e+06 0
9 0 0
0 0 1
1 3.0874e+06 0
10 0 0
0 0 1
1 2.71432e+06 0
11 0 0
0 0 1
1 2.4047e+06 0
12 0 0
0 0 1
1 2.14764e+06 0
13 0 0
0 0 1
1 1.93823e+06 0
14 0 0
0 0 1
1 1.75743e+06 0
15 0 0
0 0 1
1 1.59382e+06 0
16 0 0
0 0 1
1 1.45472e+06 0
17 0 0
0 0 1
1 1.34308e+06 0
18 0 0
0 0 1
1 1.24592e+06 0
19 0 0
0 0 1
1 1.15537e+06 0
20 0 0
0 0 1
1 1.08e+06 0
21 0 0
0 0 1
1 1.02506e+06 0
22 0 0
0 0 1
1 980513 0
23 0 0
0 0 1
1 938291 0
24 0 0
0 0 1
1 904533 0
25 0 0
0 0 1
1 884895 0
26 0 0
0 0 1
1 872500 0
27 0 0
0 0 1
1 860474 0
28 0 0
0 0 1
1 853890 0
29 0 0
0 0 1
1 859940 0
30 0 0
0 0 1
1 876682 0
-1 0 0
