91
1 0 0
0 0 1
1 1.21201e+07 0
2 0 0
0 0 1
1 1.03073e+07 0
3 0 0
0 0 1
1 8.48474e+06 0
4 0 0
0 0 1
1 6.87086e+06 0
5 0 0
0 0 1
1 5.55265e+06 0
6 0 0
0 0 1
1 4.52569e+06 0
7 0 0
0 0 1
1 3.74225e+06 0
8 0 0
0 0 1
1 3.1458e+06 0
9 0 0
0 0 1
1 2.68878e+06 0
10 0 0
0 0 1
1 2.33455e+06 0
11 0 0
0 0 1
1 2.05233e+06 0
12 0 0
0 0 1
1 1.81712e+06 0
13 0 0
0 0 1
1 1.6142e+06 0
14 0 0
0 0 1
1 1.4385e+06 0
15 0 0
0 0 1
1 1.28823e+06 0
16 0 0
0 0 1
1 1.16069e+06 0
17 0 0
0 0 1
1 1.05304e+06 0
18 0 0
0 0 1
1 962808 0
19 0 0
0 0 1
1 886704 0
20 0 0
0 0 1
1 821219 0
21 0 0
0 0 1
1 764929 0
22 0 0
0 0 1
1 718514 0
23 0 0
0 0 1
1 682320 0
24 0 0
0 0 1
1 655236 0
25 0 0
0 0 1
1 635666 0
26 0 0
0 0 1
1 622236 0
27 0 0
0 0 1
1 613905 0
28 0 0
0 0 1
1 610551 0
29 0 0
0 0 1
1 612905 0
30 0 0
0 0 1
1 620868 0
-1 0 0
