91
1 0 0
0 0 1
1 1.39635e+07 0
2 0 0
0 0 1
1 1.25244e+07 0
3 0 0
0 0 1
1 1.09724e+07 0
4 0 0
0 0 1
1 9.44504e+06 0
5 0 0
0 0 1
1 8.02914e+06 0
6 0 0
0 0 1
1 6.78439e+06 0
7 0 0
0 0 1
1 5.73313e+06 0
8 0 0
0 0 1
1 4.85461e+06 0
9 0 0
0 0 1
1 4.11435e+06 0
10 0 0
0 0 1
1 3.49242e+06 0
11 0 0
0 0 1
1 2.97677e+06 0
12 0 0
0 0 1
1 2.54756e+06 0
13 0 0
0 0 1
1 2.18477e+06 0
14 0 0
0 0 1
1 1.88099e+06 0
15 0 0
0 0 1
1 1.63337e+06 0
16 0 0
0 0 1
1 1.43044e+06 0
17 0 0
0 0 1
1 1.25822e+06 0
18 0 0
0 0 1
1 1.11254e+06 0
19 0 0
0 0 1
1 994534 0
20 0 0
0 0 1
1 899164 0
21 0 0
0 0 1
1 817944 0
22 0 0
0 0 1
1 748863 0
23 0 0
0 0 1
1 694603 0
24 0 0
0 0 1
1 654050 0
25 0 0
0 0 1
1 623261 0
26 0 0
0 0 1
1 602223 0
27 0 0
0 0 1
1 593784 0
28 0 0
0 0 1
1 597674 0
29 0 0
0 0 1
1 610574 0
30 0 0
0 0 1
1 629497 0
-1 0 0
