91
1 0 0
0 0 1
1 6.31447e+06 0
2 0 0
0 0 1
1 5.50451e+06 0
3 0 0
0 0 1
1 4.67414e+06 0
4 0 0
0 0 1
1 3.88033e+06 0
5 0 0
0 0 1
1 3.17674e+06 0
6 0 0
0 0 1
1 2.5947e+06 0
7 0 0
0 0 1
1 2.125e+06 0
8 0 0
0 0 1
1 1.74308e+06 0
9 0 0
0 0 1
1 1.43791e+06 0
10 0 0
0 0 1
1 1.20406e+06 0
11 0 0
0 0 1
1 1.0238e+06 0
12 0 0
0 0 1
1 876045 0
13 0 0
0 0 1
1 753287 0
14 0 0
0 0 1
1 655988 0
15 0 0
0 0 1
1 578023 0
16 0 0
0 0 1
1 509982 0
17 0 0
0 0 1
1 450446 0
18 0 0
0 0 1
1 402806 0
19 0 0
0 0 1
1 365288 0
20 0 0
0 0 1
1 333031 0
21 0 0
0 0 1
1 305729 0
22 0 0
0 0 1
1 285136 0
23 0 0
0 0 1
1 268825 0
24 0 0
0 0 1
1 253743 0
25 0 0
0 0 1
1 242491 0
26 0 0
0 0 1
1 239382 0
27 0 0
0 0 1
1 243336 0
28 0 0
0 0 1
1 250511 0
29 0 0
0 0 1
1 260660 0
30 0 0
0 0 1
1 274955 0
-1 0 0
