91
1 0 0
0 0 1
1 5.81894e+06 0
2 0 0
0 0 1
1 5.09098e+06 0
3 0 0
0 0 1
1 4.39009e+06 0
4 0 0
0 0 1
1 3.75796e+06 0
5 0 0
0 0 1
1 3.20694e+06 0
6 0 0
0 0 1
1 2.73517e+06 0
7 0 0
0 0 1
1 2.33624e+06 0
8 0 0
0 0 1
1 2.00196e+06 0
9 0 0
0 0 1
1 1.72264e+06 0
10 0 0
0 0 1
1 1.48784e+06 0
11 0 0
0 0 1
1 1.28851e+06 0
12 0 0
0 0 1
1 1.11877e+06 0
13 0 0
0 0 1
1 975574 0
14 0 0
0 0 1
1 856391 0
15 0 0
0 0 1
1 757328 0
16 0 0
0 0 1
1 673988 0
17 0 0
0 0 1
1 603429 0
18 0 0
0 0 1
1 544231 0
19 0 0
0 0 1
1 494887 0
20 0 0
0 0 1
1 453278 0
21 0 0
0 0 1
1 417805 0
22 0 0
0 0 1
1 388030 0
23 0 0
0 0 1
1 363941 0
24 0 0
0 0 1
1 345341 0
25 0 0
0 0 1
1 332024 0
26 0 0
0 0 1
1 323743 0
27 0 0
0 0 1
1 319874 0
28 0 0
0 0 1
1 319839 0
29 0 0
0 0 1
1 323668 0
30 0 0
0 0 1
1 330977 0
-1 0 0
