91
1 0 0
0 0 1
1 7.91371e+06 0
2 0 0
0 0 1
1 6.45571e+06 0
3 0 0
0 0 1
1 4.99562e+06 0
4 0 0
0 0 1
1 3.72774e+06 0
5 0 0
0 0 1
1 2.76602e+06 0
6 0 0
0 0 1
1 2.10253e+06 0
7 0 0
0 0 1
1 1.64435e+06 0
8 0 0
0 0 1
1 1.30876e+06 0
9 0 0
0 0 1
1 1.06391e+06 0
10 0 0
0 0 1
1 890445 0
11 0 0
0 0 1
1 753827 0
12 0 0
0 0 1
1 629832 0
13 0 0
0 0 1
1 523023 0
14 0 0
0 0 1
1 440983 0
15 0 0
0 0 1
1 373063 0
16 0 0
0 0 1
1 308289 0
17 0 0
0 0 1
1 252529 0
18 0 0
0 0 1
1 212832 0
19 0 0
0 0 1
1 181979 0
20 0 0
0 0 1
1 151955 0
21 0 0
0 0 1
1 127571 0
22 0 0
0 0 1
1 114177 0
23 0 0
0 0 1
1 105295 0
24 0 0
0 0 1
1 94222 0
25 0 0
0 0 1
1 85805 0
26 0 0
0 0 1
1 85588 0
27 0 0
0 0 1
1 88482 0
28 0 0
0 0 1
1 89063 0
29 0 0
0 0 1
1 92905 0
30 0 0
0 0 1
1 106999 0
-1 0 0
