91
1 0 0
0 0 1
1 1.46269e+07 0
2 0 0
0 0 1
1 1.27507e+07 0
3 0 0
0 0 1
1 1.07799e+07 0
4 0 0
0 0 1
1 8.96919e+06 0
5 0 0
0 0 1
1 7.37564e+06 0
6 0 0
0 0 1
1 5.99395e+06 0
7 0 0
0 0 1
1 4.84486e+06 0
8 0 0
0 0 1
1 3.93678e+06 0
9 0 0
0 0 1
1 3.2305e+06 0
10 0 0
0 0 1
1 2.67701e+06 0
11 0 0
0 0 1
1 2.24867e+06 0
12 0 0
0 0 1
1 1.91774e+06 0
13 0 0
0 0 1
1 1.64488e+06 0
14 0 0
0 0 1
1 1.40782e+06 0
15 0 0
0 0 1
1 1.21234e+06 0
16 0 0
0 0 1
1 1.06072e+06 0
17 0 0
0 0 1
1 934832 0
18 0 0
0 0 1
1 820961 0
19 0 0
0 0 1
1 726145 0
20 0 0
0 0 1
1 657382 0
21 0 0
0 0 1
1 605412 0
22 0 0
0 0 1
1 560128 0
23 0 0
0 0 1
1 523670 0
24 0 0
0 0 1
1 498293 0
25 0 0
0 0 1
1 477875 0
26 0 0
0 0 1
1 460533 0
27 0 0
0 0 1
1 454801 0
28 0 0
0 0 1
1 465226 0
29 0 0
0 0 1
1 485174 0
30 0 0
0 0 1
1 509829 0
-1 0 0
