91
1 0 0
0 0 1
1 1.3601e+07 0
2 0 0
0 0 1
1 1.15619e+07 0
3 0 0
0 0 1
1 9.28016e+06 0
4 0 0
0 0 1
1 7.21094e+06 0
5 0 0
0 0 1
1 5.57998e+06 0
6 0 0
0 0 1
1 4.37428e+06 0
7 0 0
0 0 1
1 3.49042e+06 0
8 0 0
0 0 1
1 2.84365e+06 0
9 0 0
0 0 1
1 2.37282e+06 0
10 0 0
0 0 1
1 2.01973e+06 0
11 0 0
0 0 1
1 1.73857e+06 0
12 0 0
0 0 1
1 1.50731e+06 0
13 0 0
0 0 1
1 1.31564e+06 0
14 0 0
0 0 1
1 1.15258e+06 0
15 0 0
0 0 1
1 1.01126e+06 0
16 0 0
0 0 1
1 892401 0
17 0 0
0 0 1
1 794914 0
18 0 0
0 0 1
1 711322 0
19 0 0
0 0 1
1 637206 0
20 0 0
0 0 1
1 576445 0
21 0 0
0 0 1
1 531880 0
22 0 0
0 0 1
1 498101 0
23 0 0
0 0 1
1 468429 0
24 0 0
0 0 1
1 442746 0
25 0 0
0 0 1
1 423916 0
26 0 0
0 0 1
1 412287 0
27 0 0
0 0 1
1 408201 0
28 0 0
0 0 1
1 414569 0
29 0 0
0 0 1
1 431959 0
30 0 0
0 0 1
1 454915 0
-1 0 0
