91
1 0 0
0 0 1
1 7.23666e+06 0
2 0 0
0 0 1
1 6.40128e+06 0
3 0 0
0 0 1
1 5.50696e+06 0
4 0 0
0 0 1
1 4.64271e+06 0
5 0 0
0 0 1
1 3.85817e+06 0
6 0 0
0 0 1
1 3.16814e+06 0
7 0 0
0 0 1
1 2.58034e+06 0
8 0 0
0 0 1
1 2.10048e+06 0
9 0 0
0 0 1
1 1.71855e+06 0
10 0 0
0 0 1
1 1.4122e+06 0
11 0 0
0 0 1
1 1.16543e+06 0
12 0 0
0 0 1
1 971767 0
13 0 0
0 0 1
1 821946 0
14 0 0
0 0 1
1 701910 0
15 0 0
0 0 1
1 603250 0
16 0 0
0 0 1
1 524738 0
17 0 0
0 0 1
1 463303 0
18 0 0
0 0 1
1 412549 0
19 0 0
0 0 1
1 370005 0
20 0 0
0 0 1
1 337263 0
21 0 0
0 0 1
1 312743 0
22 0 0
0 0 1
1 291732 0
23 0 0
0 0 1
1 273395 0
24 0 0
0 0 1
1 260696 0
25 0 0
0 0 1
1 253559 0
26 0 0
0 0 1
1 248800 0
27 0 0
0 0 1
1 246698 0
28 0 0
0 0 1
1 251181 0
29 0 0
0 0 1
1 263328 0
30 0 0
0 0 1
1 280319 0
-1 0 0
