91
1 0 0
0 0 1
1 6.26906e+06 0
2 0 0
0 0 1
1 5.47178e+06 0
3 0 0
0 0 1
1 4.64242e+06 0
4 0 0
0 0 1
1 3.84845e+06 0
5 0 0
0 0 1
1 3.14394e+06 0
6 0 0
0 0 1
1 2.57146e+06 0
7 0 0
0 0 1
1 2.13592e+06 0
8 0 0
0 0 1
1 1.80434e+06 0
9 0 0
0 0 1
1 1.54194e+06 0
10 0 0
0 0 1
1 1.33456e+06 0
11 0 0
0 0 1
1 1.17462e+06 0
12 0 0
0 0 1
1 1.0462e+06 0
13 0 0
0 0 1
1 934551 0
14 0 0
0 0 1
1 837289 0
15 0 0
0 0 1
1 756465 0
16 0 0
0 0 1
1 688154 0
17 0 0
0 0 1
1 627085 0
18 0 0
0 0 1
1 573839 0
19 0 0
0 0 1
1 530394 0
20 0 0
0 0 1
1 494138 0
21 0 0
0 0 1
1 461776 0
22 0 0
0 0 1
1 434180 0
23 0 0
0 0 1
1 412801 0
24 0 0
0 0 1
1 395803 0
25 0 0
0 0 1
1 381628 0
26 0 0
0 0 1
1 372002 0
27 0 0
0 0 1
1 368012 0
28 0 0
0 0 1
1 367428 0
29 0 0
0 0 1
1 368879 0
30 0 0
0 0 1
1 374284 0
-1 0 0
