91
1 0 0
0 0 1
1 7.4541e+06 0
2 0 0
0 0 1
1 6.59702e+06 0
3 0 0
0 0 1
1 5.84003e+06 0
4 0 0
0 0 1
1 5.08832e+06 0
5 0 0
0 0 1
1 4.30021e+06 0
6 0 0
0 0 1
1 3.53739e+06 0
7 0 0
0 0 1
1 2.88098e+06 0
8 0 0
0 0 1
1 2.35767e+06 0
9 0 0
0 0 1
1 1.9508e+06 0
10 0 0
0 0 1
1 1.63858e+06 0
11 0 0
0 0 1
1 1.40114e+06 0
12 0 0
0 0 1
1 1.21488e+06 0
13 0 0
0 0 1
1 1.0615e+06 0
14 0 0
0 0 1
1 935827 0
15 0 0
0 0 1
1 836074 0
16 0 0
0 0 1
1 754472 0
17 0 0
0 0 1
1 683562 0
18 0 0
0 0 1
1 622865 0
19 0 0
0 0 1
1 572964 0
20 0 0
0 0 1
1 530001 0
21 0 0
0 0 1
1 491187 0
22 0 0
0 0 1
1 459209 0
23 0 0
0 0 1
1 436190 0
24 0 0
0 0 1
1 418787 0
25 0 0
0 0 1
1 403443 0
26 0 0
0 0 1
1 391456 0
27 0 0
0 0 1
1 385134 0
28 0 0
0 0 1
1 383739 0
29 0 0
0 0 1
1 386643 0
30 0 0
0 0 1
1 395830 0
-1 0 0
