91
1 0 0
0 0 1
1 9.11441e+06 0
2 0 0
0 0 1
1 8.01982e+06 0
3 0 0
0 0 1
1 6.76901e+06 0
4 0 0
0 0 1
1 5.49699e+06 0
5 0 0
0 0 1
1 4.38601e+06 0
6 0 0
0 0 1
1 3.52566e+06 0
7 0 0
0 0 1
1 2.88043e+06 0
8 0 0
0 0 1
1 2.38378e+06 0
9 0 0
0 0 1
1 2.00404e+06 0
10 0 0
0 0 1
1 1.7206e+06 0
11 0 0
0 0 1
1 1.49785e+06 0
12 0 0
0 0 1
1 1.30811e+06 0
13 0 0
0 0 1
1 1.14888e+06 0
14 0 0
0 0 1
1 1.02053e+06 0
15 0 0
0 0 1
1 910375 0
16 0 0
0 0 1
1 809723 0
17 0 0
0 0 1
1 724806 0
18 0 0
0 0 1
1 659279 0
19 0 0
0 0 1
1 603337 0
20 0 0
0 0 1
1 549446 0
21 0 0
0 0 1
1 502935 0
22 0 0
0 0 1
1 468421 0
23 0 0
0 0 1
1 439970 0
24 0 0
0 0 1
1 412732 0
25 0 0
0 0 1
1 391472 0
26 0 0
0 0 1
1 380071 0
27 0 0
0 0 1
1 374017 0
28 0 0
0 0 1
1 370010 0
29 0 0
0 0 1
1 372455 0
30 0 0
0 0 1
1 384289 0
-1 0 0
