91
1 0 0
0 0 1
1 6.2488e+06 0
2 0 0
0 0 1
1 5.61807e+06 0
3 0 0
0 0 1
1 4.90677e+06 0
4 0 0
0 0 1
1 4.15699e+06 0
5 0 0
0 0 1
1 3.42651e+06 0
6 0 0
0 0 1
1 2.7754e+06 0
7 0 0
0 0 1
1 2.24051e+06 0
8 0 0
0 0 1
1 1.82307e+06 0
9 0 0
0 0 1
1 1.50081e+06 0
10 0 0
0 0 1
1 1.24911e+06 0
11 0 0
0 0 1
1 1.05069e+06 0
12 0 0
0 0 1
1 892820 0
13 0 0
0 0 1
1 764591 0
14 0 0
0 0 1
1 658511 0
15 0 0
0 0 1
1 570551 0
16 0 0
0 0 1
1 497271 0
17 0 0
0 0 1
1 435142 0
18 0 0
0 0 1
1 382460 0
19 0 0
0 0 1
1 338890 0
20 0 0
0 0 1
1 302688 0
21 0 0
0 0 1
1 270946 0
22 0 0
0 0 1
1 242850 0
23 0 0
0 0 1
1 220058 0
24 0 0
0 0 1
1 203371 0
25 0 0
0 0 1
1 191417 0
26 0 0
0 0 1
1 183128 0
27 0 0
0 0 1
1 179151 0
28 0 0
0 0 1
1 180029 0
29 0 0
0 0 1
1 185050 0
30 0 0
0 0 1
1 193515 0
-1 0 0
