91
1 0 0
0 0 1
1 1.25673e+07 0
2 0 0
0 0 1
1 1.09509e+07 0
3 0 0
0 0 1
1 9.28916e+06 0
4 0 0
0 0 1
1 7.79123e+06 0
5 0 0
0 0 1
1 6.51496e+06 0
6 0 0
0 0 1
1 5.45331e+06 0
7 0 0
0 0 1
1 4.58614e+06 0
8 0 0
0 0 1
1 3.8793e+06 0
9 0 0
0 0 1
1 3.2905e+06 0
10 0 0
0 0 1
1 2.79314e+06 0
11 0 0
0 0 1
1 2.37917e+06 0
12 0 0
0 0 1
1 2.03876e+06 0
13 0 0
0 0 1
1 1.75363e+06 0
14 0 0
0 0 1
1 1.51082e+06 0
15 0 0
0 0 1
1 1.30736e+06 0
16 0 0
0 0 1
1 1.13906e+06 0
17 0 0
0 0 1
1 996907 0
18 0 0
0 0 1
1 876183 0
19 0 0
0 0 1
1 778380 0
20 0 0
0 0 1
1 702008 0
21 0 0
0 0 1
1 640242 0
22 0 0
0 0 1
1 588710 0
23 0 0
0 0 1
1 547560 0
24 0 0
0 0 1
1 515258 0
25 0 0
0 0 1
1 488107 0
26 0 0
0 0 1
1 466511 0
27 0 0
0 0 1
1 454530 0
28 0 0
0 0 1
1 452736 0
29 0 0
0 0 1
1 458048 0
30 0 0
0 0 1
1 470155 0
-1 0 0
