91
1 0 0
0 0 1
1 1.52583e+07 0
2 0 0
0 0 1
1 1.33025e+07 0
3 0 0
0 0 1
1 1.12464e+07 0
4 0 0
0 0 1
1 9.39759e+06 0
5 0 0
0 0 1
1 7.85671e+06 0
6 0 0
0 0 1
1 6.58981e+06 0
7 0 0
0 0 1
1 5.55088e+06 0
8 0 0
0 0 1
1 4.71045e+06 0
9 0 0
0 0 1
1 4.02489e+06 0
10 0 0
0 0 1
1 3.4451e+06 0
11 0 0
0 0 1
1 2.95137e+06 0
12 0 0
0 0 1
1 2.54535e+06 0
13 0 0
0 0 1
1 2.21479e+06 0
14 0 0
0 0 1
1 1.93396e+06 0
15 0 0
0 0 1
1 1.69191e+06 0
16 0 0
0 0 1
1 1.49307e+06 0
17 0 0
0 0 1
1 1.33308e+06 0
18 0 0
0 0 1
1 1.19675e+06 0
19 0 0
0 0 1
1 1.07811e+06 0
20 0 0
0 0 1
1 981775 0
21 0 0
0 0 1
1 904908 0
22 0 0
0 0 1
1 835994 0
23 0 0
0 0 1
1 771933 0
24 0 0
0 0 1
1 720421 0
25 0 0
0 0 1
1 684280 0
26 0 0
0 0 1
1 657365 0
27 0 0
0 0 1
1 637195 0
28 0 0
0 0 1
1 629143 0
29 0 0
0 0 1
1 636499 0
30 0 0
0 0 1
1 656368 0
-1 0 0
