91
1 0 0
0 0 1
1 6.41975e+06 0
2 0 0
0 0 1
1 5.5542e+06 0
3 0 0
0 0 1
1 4.56639e+06 0
4 0 0
0 0 1
1 3.66013e+06 0
5 0 0
0 0 1
1 2.94786e+06 0
6 0 0
0 0 1
1 2.41662e+06 0
7 0 0
0 0 1
1 2.00807e+06 0
8 0 0
0 0 1
1 1.68979e+06 0
9 0 0
0 0 1
1 1.44844e+06 0
10 0 0
0 0 1
1 1.26102e+06 0
11 0 0
0 0 1
1 1.10297e+06 0
12 0 0
0 0 1
1 967359 0
13 0 0
0 0 1
1 856187 0
14 0 0
0 0 1
1 763510 0
15 0 0
0 0 1
1 680700 0
16 0 0
0 0 1
1 608496 0
17 0 0
0 0 1
1 550878 0
18 0 0
0 0 1
1 504073 0
19 0 0
0 0 1
1 462006 0
20 0 0
0 0 1
1 426219 0
21 0 0
0 0 1
1 400737 0
22 0 0
0 0 1
1 382385 0
23 0 0
0 0 1
1 364822 0
24 0 0
0 0 1
1 347802 0
25 0 0
0 0 1
1 334784 0
26 0 0
0 0 1
1 325274 0
27 0 0
0 0 1
1 316605 0
28 0 0
0 0 1
1 309806 0
29 0 0
0 0 1
1 307236 0
30 0 0
0 0 1
1 307318 0
-1 0 0
