91
1 0 0
0 0 1
1 8.99301e+06 0
2 0 0
0 0 1
1 7.37295e+06 0
3 0 0
0 0 1
1 5.91846e+06 0
4 0 0
0 0 1
1 4.76775e+06 0
5 0 0
0 0 1
1 3.88792e+06 0
6 0 0
0 0 1
1 3.21201e+06 0
7 0 0
0 0 1
1 2.69529e+06 0
8 0 0
0 0 1
1 2.29677e+06 0
9 0 0
0 0 1
1 1.97229e+06 0
10 0 0
0 0 1
1 1.69583e+06 0
11 0 0
0 0 1
1 1.46266e+06 0
12 0 0
0 0 1
1 1.26799e+06 0
13 0 0
0 0 1
1 1.09937e+06 0
14 0 0
0 0 1
1 950707 0
15 0 0
0 0 1
1 826136 0
16 0 0
0 0 1
1 726047 0
17 0 0
0 0 1
1 641962 0
18 0 0
0 0 1
1 568359 0
19 0 0
0 0 1
1 508085 0
20 0 0
0 0 1
1 462321 0
21 0 0
0 0 1
1 424955 0
22 0 0
0 0 1
1 390973 0
23 0 0
0 0 1
1 362298 0
24 0 0
0 0 1
1 341388 0
25 0 0
0 0 1
1 325882 0
26 0 0
0 0 1
1 313395 0
27 0 0
0 0 1
1 306008 0
28 0 0
0 0 1
1 306565 0
29 0 0
0 0 1
1 315100 0
30 0 0
0 0 1
1 331423 0
-1 0 0
