91
1 0 0
0 0 1
1 1.28689e+07 0
2 0 0
0 0 1
1 1.11898e+07 0
3 0 0
0 0 1
1 9.57323e+06 0
4 0 0
0 0 1
1 8.07167e+06 0
5 0 0
0 0 1
1 6.74329e+06 0
6 0 0
0 0 1
1 5.61772e+06 0
7 0 0
0 0 1
1 4.66609e+06 0
8 0 0
0 0 1
1 3.85727e+06 0
9 0 0
0 0 1
1 3.19691e+06 0
10 0 0
0 0 1
1 2.68412e+06 0
11 0 0
0 0 1
1 2.27776e+06 0
12 0 0
0 0 1
1 1.93616e+06 0
13 0 0
0 0 1
1 1.6542e+06 0
14 0 0
0 0 1
1 1.43539e+06 0
15 0 0
0 0 1
1 1.25989e+06 0
16 0 0
0 0 1
1 1.10574e+06 0
17 0 0
0 0 1
1 974872 0
18 0 0
0 0 1
1 874062 0
19 0 0
0 0 1
1 791526 0
20 0 0
0 0 1
1 713817 0
21 0 0
0 0 1
1 646887 0
22 0 0
0 0 1
1 600478 0
23 0 0
0 0 1
1 567478 0
24 0 0
0 0 1
1 536722 0
25 0 0
0 0 1
1 512533 0
26 0 0
0 0 1
1 505066 0
27 0 0
0 0 1
1 512439 0
28 0 0
0 0 1
1 526126 0
29 0 0
0 0 1
1 543486 0
30 0 0
0 0 1
1 562953 0
-1 0 0
