91
1 0 0
0 0 1
1 3.97715e+06 0
2 0 0
0 0 1
1 3.55708e+06 0
3 0 0
0 0 1
1 3.07479e+06 0
4 0 0
0 0 1
1 2.57732e+06 0
5 0 0
0 0 1
1 2.10957e+06 0
6 0 0
0 0 1
1 1.70455e+06 0
7 0 0
0 0 1
1 1.37579e+06 0
8 0 0
0 0 1
1 1.11767e+06 0
9 0 0
0 0 1
1 915295 0
10 0 0
0 0 1
1 756050 0
11 0 0
0 0 1
1 632294 0
12 0 0
0 0 1
1 536723 0
13 0 0
0 0 1
1 460649 0
14 0 0
0 0 1
1 397794 0
15 0 0
0 0 1
1 346174 0
16 0 0
0 0 1
1 304767 0
17 0 0
0 0 1
1 270830 0
18 0 0
0 0 1
1 241694 0
19 0 0
0 0 1
1 216887 0
20 0 0
0 0 1
1 196856 0
21 0 0
0 0 1
1 180957 0
22 0 0
0 0 1
1 167850 0
23 0 0
0 0 1
1 156761 0
24 0 0
0 0 1
1 147540 0
25 0 0
0 0 1
1 140372 0
26 0 0
0 0 1
1 135962 0
27 0 0
0 0 1
1 135061 0
28 0 0
0 0 1
1 137525 0
29 0 0
0 0 1
1 142666 0
30 0 0
0 0 1
1 150309 0
-1 0 0
