91
1 0 0
0 0 1
1 7.22524e+06 0
2 0 0
0 0 1
1 6.21857e+06 0
3 0 0
0 0 1
1 5.22508e+06 0
4 0 0
0 0 1
1 4.30617e+06 0
5 0 0
0 0 1
1 3.50799e+06 0
6 0 0
0 0 1
1 2.85336e+06 0
7 0 0
0 0 1
1 2.33317e+06 0
8 0 0
0 0 1
1 1.9226e+06 0
9 0 0
0 0 1
1 1.59986e+06 0
10 0 0
0 0 1
1 1.3468e+06 0
11 0 0
0 0 1
1 1.14425e+06 0
12 0 0
0 0 1
1 976856 0
13 0 0
0 0 1
1 838048 0
14 0 0
0 0 1
1 724886 0
15 0 0
0 0 1
1 632118 0
16 0 0
0 0 1
1 554923 0
17 0 0
0 0 1
1 492435 0
18 0 0
0 0 1
1 443884 0
19 0 0
0 0 1
1 404669 0
20 0 0
0 0 1
1 370044 0
21 0 0
0 0 1
1 339663 0
22 0 0
0 0 1
1 315126 0
23 0 0
0 0 1
1 295725 0
24 0 0
0 0 1
1 279824 0
25 0 0
0 0 1
1 268133 0
26 0 0
0 0 1
1 262488 0
27 0 0
0 0 1
1 262979 0
28 0 0
0 0 1
1 268799 0
29 0 0
0 0 1
1 280416 0
30 0 0
0 0 1
1 298422 0
-1 0 0
