91
1 0 0
0 0 1
1 1.2179e+07 0
2 0 0
0 0 1
1 1.08931e+07 0
3 0 0
0 0 1
1 9.50465e+06 0
4 0 0
0 0 1
1 8.08184e+06 0
5 0 0
0 0 1
1 6.73659e+06 0
6 0 0
0 0 1
1 5.55059e+06 0
7 0 0
0 0 1
1 4.5411e+06 0
8 0 0
0 0 1
1 3.69996e+06 0
9 0 0
0 0 1
1 3.02204e+06 0
10 0 0
0 0 1
1 2.49001e+06 0
11 0 0
0 0 1
1 2.06801e+06 0
12 0 0
0 0 1
1 1.72584e+06 0
13 0 0
0 0 1
1 1.45148e+06 0
14 0 0
0 0 1
1 1.23508e+06 0
15 0 0
0 0 1
1 1.05972e+06 0
16 0 0
0 0 1
1 913959 0
17 0 0
0 0 1
1 797430 0
18 0 0
0 0 1
1 707659 0
19 0 0
0 0 1
1 634067 0
20 0 0
0 0 1
1 569924 0
21 0 0
0 0 1
1 518582 0
22 0 0
0 0 1
1 482802 0
23 0 0
0 0 1
1 457592 0
24 0 0
0 0 1
1 438257 0
25 0 0
0 0 1
1 427210 0
26 0 0
0 0 1
1 428206 0
27 0 0
0 0 1
1 439949 0
28 0 0
0 0 1
1 458533 0
29 0 0
0 0 1
1 480953 0
30 0 0
0 0 1
1 503974 0
-1 0 0
