91
1 0 0
0 0 1
1 1.17157e+07 0
2 0 0
0 0 1
1 9.89749e+06 0
3 0 0
0 0 1
1 8.1413e+06 0
4 0 0
0 0 1
1 6.70826e+06 0
5 0 0
0 0 1
1 5.58856e+06 0
6 0 0
0 0 1
1 4.69627e+06 0
7 0 0
0 0 1
1 3.99295e+06 0
8 0 0
0 0 1
1 3.45167e+06 0
9 0 0
0 0 1
1 3.01869e+06 0
10 0 0
0 0 1
1 2.65132e+06 0
11 0 0
0 0 1
1 2.34386e+06 0
12 0 0
0 0 1
1 2.09386e+06 0
13 0 0
0 0 1
1 1.87962e+06 0
14 0 0
0 0 1
1 1.68639e+06 0
15 0 0
0 0 1
1 1.52233e+06 0
16 0 0
0 0 1
1 1.3927e+06 0
17 0 0
0 0 1
1 1.28325e+06 0
18 0 0
0 0 1
1 1.18146e+06 0
19 0 0
0 0 1
1 1.09244e+06 0
20 0 0
0 0 1
1 1.02222e+06 0
21 0 0
0 0 1
1 964215 0
22 0 0
0 0 1
1 912115 0
23 0 0
0 0 1
1 869561 0
24 0 0
0 0 1
1 838469 0
25 0 0
0 0 1
1 812669 0
26 0 0
0 0 1
1 790350 0
27 0 0
0 0 1
1 778681 0
28 0 0
0 0 1
1 779611 0
29 0 0
0 0 1
1 784233 0
30 0 0
0 0 1
1 786646 0
-1 0 0
