91
1 0 0
0 0 1
1 6.92531e+06 0
2 0 0
0 0 1
1 6.29807e+06 0
3 0 0
0 0 1
1 5.68789e+06 0
4 0 0
0 0 1
1 5.04785e+06 0
5 0 0
0 0 1
1 4.34836e+06 0
6 0 0
0 0 1
1 3.63235e+06 0
7 0 0
0 0 1
1 2.9731e+06 0
8 0 0
0 0 1
1 2.41244e+06 0
9 0 0
0 0 1
1 1.95512e+06 0
10 0 0
0 0 1
1 1.59498e+06 0
11 0 0
0 0 1
1 1.32127e+06 0
12 0 0
0 0 1
1 1.11207e+06 0
13 0 0
0 0 1
1 944151 0
14 0 0
0 0 1
1 807564 0
15 0 0
0 0 1
1 700548 0
16 0 0
0 0 1
1 616104 0
17 0 0
0 0 1
1 544150 0
18 0 0
0 0 1
1 481677 0
19 0 0
0 0 1
1 430789 0
20 0 0
0 0 1
1 390028 0
21 0 0
0 0 1
1 355458 0
22 0 0
0 0 1
1 326872 0
23 0 0
0 0 1
1 305719 0
24 0 0
0 0 1
1 289822 0
25 0 0
0 0 1
1 276383 0
26 0 0
0 0 1
1 267416 0
27 0 0
0 0 1
1 266640 0
28 0 0
0 0 1
1 273544 0
29 0 0
0 0 1
1 285077 0
30 0 0
0 0 1
1 299852 0
-1 0 0
