91
1 0 0
0 0 1
1 1.51359e+07 0
2 0 0
0 0 1
1 1.3199e+07 0
3 0 0
0 0 1
1 1.1159e+07 0
4 0 0
0 0 1
1 9.32075e+06 0
5 0 0
0 0 1
1 7.73629e+06 0
6 0 0
0 0 1
1 6.37722e+06 0
7 0 0
0 0 1
1 5.24092e+06 0
8 0 0
0 0 1
1 4.32388e+06 0
9 0 0
0 0 1
1 3.58722e+06 0
10 0 0
0 0 1
1 2.98536e+06 0
11 0 0
0 0 1
1 2.49607e+06 0
12 0 0
0 0 1
1 2.10462e+06 0
13 0 0
0 0 1
1 1.78432e+06 0
14 0 0
0 0 1
1 1.51124e+06 0
15 0 0
0 0 1
1 1.28103e+06 0
16 0 0
0 0 1
1 1.09646e+06 0
17 0 0
0 0 1
1 949911 0
18 0 0
0 0 1
1 829241 0
19 0 0
0 0 1
1 730107 0
20 0 0
0 0 1
1 651547 0
21 0 0
0 0 1
1 587279 0
22 0 0
0 0 1
1 530811 0
23 0 0
0 0 1
1 483171 0
24 0 0
0 0 1
1 447755 0
25 0 0
0 0 1
1 422485 0
26 0 0
0 0 1
1 403596 0
27 0 0
0 0 1
1 392370 0
28 0 0
0 0 1
1 391971 0
29 0 0
0 0 1
1 401704 0
30 0 0
0 0 1
1 420082 0
-1 0 0
