91
1 0 0
0 0 1
1 7.32058e+06 0
2 0 0
0 0 1
1 6.17113e+06 0
3 0 0
0 0 1
1 4.83982e+06 0
4 0 0
0 0 1
1 3.6606e+06 0
5 0 0
0 0 1
1 2.78764e+06 0
6 0 0
0 0 1
1 2.17531e+06 0
7 0 0
0 0 1
1 1.73029e+06 0
8 0 0
0 0 1
1 1.40824e+06 0
9 0 0
0 0 1
1 1.18542e+06 0
10 0 0
0 0 1
1 1.02204e+06 0
11 0 0
0 0 1
1 885327 0
12 0 0
0 0 1
1 771386 0
13 0 0
0 0 1
1 682740 0
14 0 0
0 0 1
1 607599 0
15 0 0
0 0 1
1 534955 0
16 0 0
0 0 1
1 469553 0
17 0 0
0 0 1
1 418450 0
18 0 0
0 0 1
1 377442 0
19 0 0
0 0 1
1 340634 0
20 0 0
0 0 1
1 310333 0
21 0 0
0 0 1
1 288637 0
22 0 0
0 0 1
1 270285 0
23 0 0
0 0 1
1 251555 0
24 0 0
0 0 1
1 236861 0
25 0 0
0 0 1
1 230158 0
26 0 0
0 0 1
1 228239 0
27 0 0
0 0 1
1 227913 0
28 0 0
0 0 1
1 231878 0
29 0 0
0 0 1
1 242472 0
30 0 0
0 0 1
1 256723 0
-1 0 0
