91
1 0 0
0 0 1
1 7.01676e+06 0
2 0 0
0 0 1
1 5.94945e+06 0
3 0 0
0 0 1
1 4.97844e+06 0
4 0 0
0 0 1
1 4.14815e+06 0
5 0 0
0 0 1
1 3.44063e+06 0
6 0 0
0 0 1
1 2.84595e+06 0
7 0 0
0 0 1
1 2.36155e+06 0
8 0 0
0 0 1
1 1.97145e+06 0
9 0 0
0 0 1
1 1.65408e+06 0
10 0 0
0 0 1
1 1.39766e+06 0
11 0 0
0 0 1
1 1.19435e+06 0
12 0 0
0 0 1
1 1.0304e+06 0
13 0 0
0 0 1
1 892856 0
14 0 0
0 0 1
1 778349 0
15 0 0
0 0 1
1 686720 0
16 0 0
0 0 1
1 612443 0
17 0 0
0 0 1
1 549202 0
18 0 0
0 0 1
1 496728 0
19 0 0
0 0 1
1 456226 0
20 0 0
0 0 1
1 423827 0
21 0 0
0 0 1
1 394578 0
22 0 0
0 0 1
1 368811 0
23 0 0
0 0 1
1 349091 0
24 0 0
0 0 1
1 334339 0
25 0 0
0 0 1
1 321942 0
26 0 0
0 0 1
1 312717 0
27 0 0
0 0 1
1 309214 0
28 0 0
0 0 1
1 311410 0
29 0 0
0 0 1
1 317916 0
30 0 0
0 0 1
1 329064 0
-1 0 0
