91
1 0 0
0 0 1
1 6.44928e+06 0
2 0 0
0 0 1
1 5.73292e+06 0
3 0 0
0 0 1
1 4.99013e+06 0
4 0 0
0 0 1
1 4.27641e+06 0
5 0 0
0 0 1
1 3.61922e+06 0
6 0 0
0 0 1
1 3.03843e+06 0
7 0 0
0 0 1
1 2.54618e+06 0
8 0 0
0 0 1
1 2.13711e+06 0
9 0 0
0 0 1
1 1.79561e+06 0
10 0 0
0 0 1
1 1.51112e+06 0
11 0 0
0 0 1
1 1.27882e+06 0
12 0 0
0 0 1
1 1.09101e+06 0
13 0 0
0 0 1
1 937106 0
14 0 0
0 0 1
1 810415 0
15 0 0
0 0 1
1 708021 0
16 0 0
0 0 1
1 625707 0
17 0 0
0 0 1
1 558164 0
18 0 0
0 0 1
1 502586 0
19 0 0
0 0 1
1 457576 0
20 0 0
0 0 1
1 420038 0
21 0 0
0 0 1
1 386896 0
22 0 0
0 0 1
1 358263 0
23 0 0
0 0 1
1 335535 0
24 0 0
0 0 1
1 317999 0
25 0 0
0 0 1
1 304453 0
26 0 0
0 0 1
1 296481 0
27 0 0
0 0 1
1 296790 0
28 0 0
0 0 1
1 305216 0
29 0 0
0 0 1
1 318683 0
30 0 0
0 0 1
1 333598 0
-1 0 0
