91
1 0 0
0 0 1
1 1.43553e+07 0
2 0 0
0 0 1
1 1.26713e+07 0
3 0 0
0 0 1
1 1.06563e+07 0
4 0 0
0 0 1
1 8.59634e+06 0
5 0 0
0 0 1
1 6.76341e+06 0
6 0 0
0 0 1
1 5.31216e+06 0
7 0 0
0 0 1
1 4.2402e+06 0
8 0 0
0 0 1
1 3.4557e+06 0
9 0 0
0 0 1
1 2.87265e+06 0
10 0 0
0 0 1
1 2.43923e+06 0
11 0 0
0 0 1
1 2.11232e+06 0
12 0 0
0 0 1
1 1.84871e+06 0
13 0 0
0 0 1
1 1.6237e+06 0
14 0 0
0 0 1
1 1.4336e+06 0
15 0 0
0 0 1
1 1.27508e+06 0
16 0 0
0 0 1
1 1.13725e+06 0
17 0 0
0 0 1
1 1.01452e+06 0
18 0 0
0 0 1
1 910824 0
19 0 0
0 0 1
1 827034 0
20 0 0
0 0 1
1 756408 0
21 0 0
0 0 1
1 695225 0
22 0 0
0 0 1
1 646357 0
23 0 0
0 0 1
1 609439 0
24 0 0
0 0 1
1 578350 0
25 0 0
0 0 1
1 551758 0
26 0 0
0 0 1
1 536003 0
27 0 0
0 0 1
1 533494 0
28 0 0
0 0 1
1 537305 0
29 0 0
0 0 1
1 541714 0
30 0 0
0 0 1
1 549893 0
-1 0 0
