91
1 0 0
0 0 1
1 6.01205e+06 0
2 0 0
0 0 1
1 4.88464e+06 0
3 0 0
0 0 1
1 3.85093e+06 0
4 0 0
0 0 1
1 3.05577e+06 0
5 0 0
0 0 1
1 2.47699e+06 0
6 0 0
0 0 1
1 2.04396e+06 0
7 0 0
0 0 1
1 1.72034e+06 0
8 0 0
0 0 1
1 1.4867e+06 0
9 0 0
0 0 1
1 1.31114e+06 0
10 0 0
0 0 1
1 1.16611e+06 0
11 0 0
0 0 1
1 1.04591e+06 0
12 0 0
0 0 1
1 949539 0
13 0 0
0 0 1
1 865415 0
14 0 0
0 0 1
1 785159 0
15 0 0
0 0 1
1 715049 0
16 0 0
0 0 1
1 661592 0
17 0 0
0 0 1
1 618834 0
18 0 0
0 0 1
1 579344 0
19 0 0
0 0 1
1 545440 0
20 0 0
0 0 1
1 520438 0
21 0 0
0 0 1
1 499496 0
22 0 0
0 0 1
1 477895 0
23 0 0
0 0 1
1 459383 0
24 0 0
0 0 1
1 448445 0
25 0 0
0 0 1
1 442143 0
26 0 0
0 0 1
1 436576 0
27 0 0
0 0 1
1 434062 0
28 0 0
0 0 1
1 437285 0
29 0 0
0 0 1
1 442919 0
30 0 0
0 0 1
1 447106 0
-1 0 0
