91
1 0 0
0 0 1
1 7.31237e+06 0
2 0 0
0 0 1
1 6.47421e+06 0
3 0 0
0 0 1
1 5.54621e+06 0
4 0 0
0 0 1
1 4.61275e+06 0
5 0 0
0 0 1
1 3.77343e+06 0
6 0 0
0 0 1
1 3.08373e+06 0
7 0 0
0 0 1
1 2.53924e+06 0
8 0 0
0 0 1
1 2.11173e+06 0
9 0 0
0 0 1
1 1.77719e+06 0
10 0 0
0 0 1
1 1.51315e+06 0
11 0 0
0 0 1
1 1.29562e+06 0
12 0 0
0 0 1
1 1.10968e+06 0
13 0 0
0 0 1
1 952959 0
14 0 0
0 0 1
1 824650 0
15 0 0
0 0 1
1 718763 0
16 0 0
0 0 1
1 629912 0
17 0 0
0 0 1
1 557014 0
18 0 0
0 0 1
1 498363 0
19 0 0
0 0 1
1 449282 0
20 0 0
0 0 1
1 406792 0
21 0 0
0 0 1
1 371403 0
22 0 0
0 0 1
1 342900 0
23 0 0
0 0 1
1 319022 0
24 0 0
0 0 1
1 299229 0
25 0 0
0 0 1
1 285306 0
26 0 0
0 0 1
1 277470 0
27 0 0
0 0 1
1 274052 0
28 0 0
0 0 1
1 275557 0
29 0 0
0 0 1
1 284744 0
30 0 0
0 0 1
1 301576 0
-1 0 0
