91
1 0 0
0 0 1
1 6.21949e+06 0
2 0 0
0 0 1
1 5.62639e+06 0
3 0 0
0 0 1
1 4.99031e+06 0
4 0 0
0 0 1
1 4.35778e+06 0
5 0 0
0 0 1
1 3.76511e+06 0
6 0 0
0 0 1
1 3.23354e+06 0
7 0 0
0 0 1
1 2.76994e+06 0
8 0 0
0 0 1
1 2.3733e+06 0
9 0 0
0 0 1
1 2.03884e+06 0
10 0 0
0 0 1
1 1.75883e+06 0
11 0 0
0 0 1
1 1.52447e+06 0
12 0 0
0 0 1
1 1.32869e+06 0
13 0 0
0 0 1
1 1.16639e+06 0
14 0 0
0 0 1
1 1.03247e+06 0
15 0 0
0 0 1
1 921445 0
16 0 0
0 0 1
1 828589 0
17 0 0
0 0 1
1 750126 0
18 0 0
0 0 1
1 682682 0
19 0 0
0 0 1
1 623996 0
20 0 0
0 0 1
1 573726 0
21 0 0
0 0 1
1 531920 0
22 0 0
0 0 1
1 496845 0
23 0 0
0 0 1
1 465758 0
24 0 0
0 0 1
1 437819 0
25 0 0
0 0 1
1 414718 0
26 0 0
0 0 1
1 398131 0
27 0 0
0 0 1
1 387833 0
28 0 0
0 0 1
1 382666 0
29 0 0
0 0 1
1 382031 0
30 0 0
0 0 1
1 385456 0
-1 0 0
