91
1 0 0
0 0 1
1 3.25441e+07 0
2 0 0
0 0 1
1 2.82927e+07 0
3 0 0
0 0 1
1 2.38085e+07 0
4 0 0
0 0 1
1 1.95577e+07 0
5 0 0
0 0 1
1 1.58531e+07 0
6 0 0
0 0 1
1 1.27953e+07 0
7 0 0
0 0 1
1 1.03458e+07 0
8 0 0
0 0 1
1 8.41532e+06 0
9 0 0
0 0 1
1 6.90328e+06 0
10 0 0
0 0 1
1 5.71352e+06 0
11 0 0
0 0 1
1 4.76831e+06 0
12 0 0
0 0 1
1 4.0123e+06 0
13 0 0
0 0 1
1 3.40515e+06 0
14 0 0
0 0 1
1 2.91521e+06 0
15 0 0
0 0 1
1 2.5181e+06 0
16 0 0
0 0 1
1 2.19463e+06 0
17 0 0
0 0 1
1 1.92966e+06 0
18 0 0
0 0 1
1 1.7139e+06 0
19 0 0
0 0 1
1 1.54261e+06 0
20 0 0
0 0 1
1 1.40832e+06 0
21 0 0
0 0 1
1 1.29808e+06 0
22 0 0
0 0 1
1 1.20153e+06 0
23 0 0
0 0 1
1 1.11883e+06 0
24 0 0
0 0 1
1 1.05659e+06 0
25 0 0
0 0 1
1 1.01831e+06 0
26 0 0
0 0 1
1 1.00336e+06 0
27 0 0
0 0 1
1 1.01409e+06 0
28 0 0
0 0 1
1 1.05785e+06 0
29 0 0
0 0 1
1 1.13796e+06 0
30 0 0
0 0 1
1 1.24303e+06 0
-1 0 0
