91
1 0 0
0 0 1
1 3.80967e+06 0
2 0 0
0 0 1
1 3.34853e+06 0
3 0 0
0 0 1
1 2.87845e+06 0
4 0 0
0 0 1
1 2.43112e+06 0
5 0 0
0 0 1
1 2.03182e+06 0
6 0 0
0 0 1
1 1.69745e+06 0
7 0 0
0 0 1
1 1.42679e+06 0
8 0 0
0 0 1
1 1.20504e+06 0
9 0 0
0 0 1
1 1.01936e+06 0
10 0 0
0 0 1
1 864807 0
11 0 0
0 0 1
1 737665 0
12 0 0
0 0 1
1 631879 0
13 0 0
0 0 1
1 543444 0
14 0 0
0 0 1
1 471865 0
15 0 0
0 0 1
1 415013 0
16 0 0
0 0 1
1 367294 0
17 0 0
0 0 1
1 324712 0
18 0 0
0 0 1
1 287664 0
19 0 0
0 0 1
1 257023 0
20 0 0
0 0 1
1 231093 0
21 0 0
0 0 1
1 208122 0
22 0 0
0 0 1
1 188498 0
23 0 0
0 0 1
1 172609 0
24 0 0
0 0 1
1 159203 0
25 0 0
0 0 1
1 147501 0
26 0 0
0 0 1
1 138592 0
27 0 0
0 0 1
1 133404 0
28 0 0
0 0 1
1 131520 0
29 0 0
0 0 1
1 133000 0
30 0 0
0 0 1
1 138827 0
-1 0 0
