91
1 0 0
0 0 1
1 6.17577e+06 0
2 0 0
0 0 1
1 5.51939e+06 0
3 0 0
0 0 1
1 4.76834e+06 0
4 0 0
0 0 1
1 3.97005e+06 0
5 0 0
0 0 1
1 3.21033e+06 0
6 0 0
0 0 1
1 2.56881e+06 0
7 0 0
0 0 1
1 2.07588e+06 0
8 0 0
0 0 1
1 1.7128e+06 0
9 0 0
0 0 1
1 1.44343e+06 0
10 0 0
0 0 1
1 1.23899e+06 0
11 0 0
0 0 1
1 1.08053e+06 0
12 0 0
0 0 1
1 953681 0
13 0 0
0 0 1
1 848546 0
14 0 0
0 0 1
1 760565 0
15 0 0
0 0 1
1 687126 0
16 0 0
0 0 1
1 624350 0
17 0 0
0 0 1
1 568793 0
18 0 0
0 0 1
1 520123 0
19 0 0
0 0 1
1 479663 0
20 0 0
0 0 1
1 447220 0
21 0 0
0 0 1
1 420921 0
22 0 0
0 0 1
1 399179 0
23 0 0
0 0 1
1 381182 0
24 0 0
0 0 1
1 366159 0
25 0 0
0 0 1
1 353826 0
26 0 0
0 0 1
1 345278 0
27 0 0
0 0 1
1 342012 0
28 0 0
0 0 1
1 344024 0
29 0 0
0 0 1
1 349791 0
30 0 0
0 0 1
1 357744 0
-1 0 0
