91
1 0 0
0 0 1
1 1.44324e+07 0
2 0 0
0 0 1
1 1.22068e+07 0
3 0 0
0 0 1
1 9.86302e+06 0
4 0 0
0 0 1
1 7.80633e+06 0
5 0 0
0 0 1
1 6.18653e+06 0
6 0 0
0 0 1
1 4.96643e+06 0
7 0 0
0 0 1
1 4.06292e+06 0
8 0 0
0 0 1
1 3.40546e+06 0
9 0 0
0 0 1
1 2.92411e+06 0
10 0 0
0 0 1
1 2.55187e+06 0
11 0 0
0 0 1
1 2.24786e+06 0
12 0 0
0 0 1
1 1.99681e+06 0
13 0 0
0 0 1
1 1.78733e+06 0
14 0 0
0 0 1
1 1.60635e+06 0
15 0 0
0 0 1
1 1.4489e+06 0
16 0 0
0 0 1
1 1.31616e+06 0
17 0 0
0 0 1
1 1.20463e+06 0
18 0 0
0 0 1
1 1.10795e+06 0
19 0 0
0 0 1
1 1.02566e+06 0
20 0 0
0 0 1
1 959113 0
21 0 0
0 0 1
1 902494 0
22 0 0
0 0 1
1 848593 0
23 0 0
0 0 1
1 800232 0
24 0 0
0 0 1
1 765527 0
25 0 0
0 0 1
1 744344 0
26 0 0
0 0 1
1 729283 0
27 0 0
0 0 1
1 717960 0
28 0 0
0 0 1
1 714734 0
29 0 0
0 0 1
1 721633 0
30 0 0
0 0 1
1 736497 0
-1 0 0
