91
1 0 0
0 0 1
1 9.67945e+06 0
2 0 0
0 0 1
1 8.24654e+06 0
3 0 0
0 0 1
1 6.62666e+06 0
4 0 0
0 0 1
1 5.09342e+06 0
5 0 0
0 0 1
1 3.86458e+06 0
6 0 0
0 0 1
1 2.98316e+06 0
7 0 0
0 0 1
1 2.351e+06 0
8 0 0
0 0 1
1 1.87514e+06 0
9 0 0
0 0 1
1 1.52872e+06 0
10 0 0
0 0 1
1 1.29093e+06 0
11 0 0
0 0 1
1 1.11123e+06 0
12 0 0
0 0 1
1 953639 0
13 0 0
0 0 1
1 822538 0
14 0 0
0 0 1
1 723465 0
15 0 0
0 0 1
1 638066 0
16 0 0
0 0 1
1 554046 0
17 0 0
0 0 1
1 483717 0
18 0 0
0 0 1
1 435122 0
19 0 0
0 0 1
1 394016 0
20 0 0
0 0 1
1 349783 0
21 0 0
0 0 1
1 312786 0
22 0 0
0 0 1
1 291406 0
23 0 0
0 0 1
1 275433 0
24 0 0
0 0 1
1 255998 0
25 0 0
0 0 1
1 240589 0
26 0 0
0 0 1
1 235242 0
27 0 0
0 0 1
1 231625 0
28 0 0
0 0 1
1 224486 0
29 0 0
0 0 1
1 223803 0
30 0 0
0 0 1
1 237535 0
-1 0 0
