91
1 0 0
0 0 1
1 6.3598e+06 0
2 0 0
0 0 1
1 5.53364e+06 0
3 0 0
0 0 1
1 4.69019e+06 0
4 0 0
0 0 1
1 3.92721e+06 0
5 0 0
0 0 1
1 3.2739e+06 0
6 0 0
0 0 1
1 2.72796e+06 0
7 0 0
0 0 1
1 2.28384e+06 0
8 0 0
0 0 1
1 1.92782e+06 0
9 0 0
0 0 1
1 1.6367e+06 0
10 0 0
0 0 1
1 1.3931e+06 0
11 0 0
0 0 1
1 1.19149e+06 0
12 0 0
0 0 1
1 1.02711e+06 0
13 0 0
0 0 1
1 890697 0
14 0 0
0 0 1
1 776014 0
15 0 0
0 0 1
1 682352 0
16 0 0
0 0 1
1 606796 0
17 0 0
0 0 1
1 542203 0
18 0 0
0 0 1
1 484702 0
19 0 0
0 0 1
1 435974 0
20 0 0
0 0 1
1 396599 0
21 0 0
0 0 1
1 363634 0
22 0 0
0 0 1
1 335924 0
23 0 0
0 0 1
1 315505 0
24 0 0
0 0 1
1 302292 0
25 0 0
0 0 1
1 292981 0
26 0 0
0 0 1
1 286637 0
27 0 0
0 0 1
1 286328 0
28 0 0
0 0 1
1 293728 0
29 0 0
0 0 1
1 306227 0
30 0 0
0 0 1
1 320109 0
-1 0 0
