91
1 0 0
0 0 1
1 7.55996e+06 0
2 0 0
0 0 1
1 6.75188e+06 0
3 0 0
0 0 1
1 5.79338e+06 0
4 0 0
0 0 1
1 4.807e+06 0
5 0 0
0 0 1
1 3.91911e+06 0
6 0 0
0 0 1
1 3.18046e+06 0
7 0 0
0 0 1
1 2.58026e+06 0
8 0 0
0 0 1
1 2.10161e+06 0
9 0 0
0 0 1
1 1.73276e+06 0
10 0 0
0 0 1
1 1.44893e+06 0
11 0 0
0 0 1
1 1.21913e+06 0
12 0 0
0 0 1
1 1.02832e+06 0
13 0 0
0 0 1
1 874714 0
14 0 0
0 0 1
1 751454 0
15 0 0
0 0 1
1 647077 0
16 0 0
0 0 1
1 558484 0
17 0 0
0 0 1
1 488405 0
18 0 0
0 0 1
1 433312 0
19 0 0
0 0 1
1 385757 0
20 0 0
0 0 1
1 345180 0
21 0 0
0 0 1
1 315311 0
22 0 0
0 0 1
1 293707 0
23 0 0
0 0 1
1 274002 0
24 0 0
0 0 1
1 256302 0
25 0 0
0 0 1
1 246072 0
26 0 0
0 0 1
1 244236 0
27 0 0
0 0 1
1 246594 0
28 0 0
0 0 1
1 251701 0
29 0 0
0 0 1
1 261709 0
30 0 0
0 0 1
1 276041 0
-1 0 0
