91
1 0 0
0 0 1
1 7.07868e+06 0
2 0 0
0 0 1
1 6.169e+06 0
3 0 0
0 0 1
1 5.16982e+06 0
4 0 0
0 0 1
1 4.17479e+06 0
5 0 0
0 0 1
1 3.27085e+06 0
6 0 0
0 0 1
1 2.54195e+06 0
7 0 0
0 0 1
1 2.01403e+06 0
8 0 0
0 0 1
1 1.64173e+06 0
9 0 0
0 0 1
1 1.36564e+06 0
10 0 0
0 0 1
1 1.15728e+06 0
11 0 0
0 0 1
1 1.00389e+06 0
12 0 0
0 0 1
1 884280 0
13 0 0
0 0 1
1 779817 0
14 0 0
0 0 1
1 689689 0
15 0 0
0 0 1
1 618000 0
16 0 0
0 0 1
1 558182 0
17 0 0
0 0 1
1 502098 0
18 0 0
0 0 1
1 452539 0
19 0 0
0 0 1
1 414902 0
20 0 0
0 0 1
1 385619 0
21 0 0
0 0 1
1 358706 0
22 0 0
0 0 1
1 335671 0
23 0 0
0 0 1
1 319955 0
24 0 0
0 0 1
1 308494 0
25 0 0
0 0 1
1 296880 0
26 0 0
0 0 1
1 286997 0
27 0 0
0 0 1
1 282634 0
28 0 0
0 0 1
1 282824 0
29 0 0
0 0 1
1 285353 0
30 0 0
0 0 1
1 291543 0
-1 0 0
