91
1 0 0
0 0 1
1 1.2239e+07 0
2 0 0
0 0 1
1 1.02797e+07 0
3 0 0
0 0 1
1 8.3627e+06 0
4 0 0
0 0 1
1 6.61141e+06 0
5 0 0
0 0 1
1 5.12056e+06 0
6 0 0
0 0 1
1 3.97858e+06 0
7 0 0
0 0 1
1 3.175e+06 0
8 0 0
0 0 1
1 2.60186e+06 0
9 0 0
0 0 1
1 2.16556e+06 0
10 0 0
0 0 1
1 1.83759e+06 0
11 0 0
0 0 1
1 1.59884e+06 0
12 0 0
0 0 1
1 1.40555e+06 0
13 0 0
0 0 1
1 1.22965e+06 0
14 0 0
0 0 1
1 1.08052e+06 0
15 0 0
0 0 1
1 965291 0
16 0 0
0 0 1
1 865388 0
17 0 0
0 0 1
1 768247 0
18 0 0
0 0 1
1 687154 0
19 0 0
0 0 1
1 631894 0
20 0 0
0 0 1
1 588399 0
21 0 0
0 0 1
1 543628 0
22 0 0
0 0 1
1 505560 0
23 0 0
0 0 1
1 483058 0
24 0 0
0 0 1
1 467614 0
25 0 0
0 0 1
1 449805 0
26 0 0
0 0 1
1 435393 0
27 0 0
0 0 1
1 431958 0
28 0 0
0 0 1
1 435691 0
29 0 0
0 0 1
1 442800 0
30 0 0
0 0 1
1 459013 0
-1 0 0
