91
1 0 0
0 0 1
1 8.99958e+06 0
2 0 0
0 0 1
1 7.7849e+06 0
3 0 0
0 0 1
1 6.4805e+06 0
4 0 0
0 0 1
1 5.31012e+06 0
5 0 0
0 0 1
1 4.3255e+06 0
6 0 0
0 0 1
1 3.51907e+06 0
7 0 0
0 0 1
1 2.88397e+06 0
8 0 0
0 0 1
1 2.39203e+06 0
9 0 0
0 0 1
1 1.9949e+06 0
10 0 0
0 0 1
1 1.66531e+06 0
11 0 0
0 0 1
1 1.40378e+06 0
12 0 0
0 0 1
1 1.20379e+06 0
13 0 0
0 0 1
1 1.04197e+06 0
14 0 0
0 0 1
1 904518 0
15 0 0
0 0 1
1 794760 0
16 0 0
0 0 1
1 710592 0
17 0 0
0 0 1
1 638055 0
18 0 0
0 0 1
1 571220 0
19 0 0
0 0 1
1 517667 0
20 0 0
0 0 1
1 479665 0
21 0 0
0 0 1
1 447558 0
22 0 0
0 0 1
1 415910 0
23 0 0
0 0 1
1 390278 0
24 0 0
0 0 1
1 373879 0
25 0 0
0 0 1
1 361710 0
26 0 0
0 0 1
1 351782 0
27 0 0
0 0 1
1 349215 0
28 0 0
0 0 1
1 355114 0
29 0 0
0 0 1
1 362781 0
30 0 0
0 0 1
1 368625 0
-1 0 0
