91
1 0 0
0 0 1
1 1.55025e+07 0
2 0 0
0 0 1
1 1.37302e+07 0
3 0 0
0 0 1
1 1.17676e+07 0
4 0 0
0 0 1
1 9.90037e+06 0
5 0 0
0 0 1
1 8.24752e+06 0
6 0 0
0 0 1
1 6.81781e+06 0
7 0 0
0 0 1
1 5.63127e+06 0
8 0 0
0 0 1
1 4.6942e+06 0
9 0 0
0 0 1
1 3.94219e+06 0
10 0 0
0 0 1
1 3.29909e+06 0
11 0 0
0 0 1
1 2.75326e+06 0
12 0 0
0 0 1
1 2.32153e+06 0
13 0 0
0 0 1
1 1.98155e+06 0
14 0 0
0 0 1
1 1.69319e+06 0
15 0 0
0 0 1
1 1.4516e+06 0
16 0 0
0 0 1
1 1.26869e+06 0
17 0 0
0 0 1
1 1.1278e+06 0
18 0 0
0 0 1
1 1.00035e+06 0
19 0 0
0 0 1
1 886618 0
20 0 0
0 0 1
1 801702 0
21 0 0
0 0 1
1 738772 0
22 0 0
0 0 1
1 680310 0
23 0 0
0 0 1
1 630076 0
24 0 0
0 0 1
1 602364 0
25 0 0
0 0 1
1 592467 0
26 0 0
0 0 1
1 585948 0
27 0 0
0 0 1
1 585704 0
28 0 0
0 0 1
1 604060 0
29 0 0
0 0 1
1 637434 0
30 0 0
0 0 1
1 670679 0
-1 0 0
