91
1 0 0
0 0 1
1 1.9009e+07 0
2 0 0
0 0 1
1 1.64173e+07 0
3 0 0
0 0 1
1 1.39763e+07 0
4 0 0
0 0 1
1 1.20507e+07 0
5 0 0
0 0 1
1 1.06125e+07 0
6 0 0
0 0 1
1 9.46934e+06 0
7 0 0
0 0 1
1 8.49036e+06 0
8 0 0
0 0 1
1 7.63302e+06 0
9 0 0
0 0 1
1 6.86988e+06 0
10 0 0
0 0 1
1 6.17074e+06 0
11 0 0
0 0 1
1 5.53098e+06 0
12 0 0
0 0 1
1 4.96361e+06 0
13 0 0
0 0 1
1 4.46544e+06 0
14 0 0
0 0 1
1 4.01858e+06 0
15 0 0
0 0 1
1 3.6176e+06 0
16 0 0
0 0 1
1 3.26974e+06 0
17 0 0
0 0 1
1 2.97315e+06 0
18 0 0
0 0 1
1 2.71546e+06 0
19 0 0
0 0 1
1 2.49033e+06 0
20 0 0
0 0 1
1 2.29792e+06 0
21 0 0
0 0 1
1 2.13239e+06 0
22 0 0
0 0 1
1 1.98435e+06 0
23 0 0
0 0 1
1 1.85318e+06 0
24 0 0
0 0 1
1 1.74339e+06 0
25 0 0
0 0 1
1 1.65138e+06 0
26 0 0
0 0 1
1 1.56791e+06 0
27 0 0
0 0 1
1 1.49149e+06 0
28 0 0
0 0 1
1 1.42849e+06 0
29 0 0
0 0 1
1 1.38183e+06 0
30 0 0
0 0 1
1 1.34888e+06 0
-1 0 0
