91
1 0 0
0 0 1
1 1.18772e+07 0
2 0 0
0 0 1
1 1.04771e+07 0
3 0 0
0 0 1
1 8.88323e+06 0
4 0 0
0 0 1
1 7.34099e+06 0
5 0 0
0 0 1
1 6.00915e+06 0
6 0 0
0 0 1
1 4.92575e+06 0
7 0 0
0 0 1
1 4.06157e+06 0
8 0 0
0 0 1
1 3.37636e+06 0
9 0 0
0 0 1
1 2.8339e+06 0
10 0 0
0 0 1
1 2.39904e+06 0
11 0 0
0 0 1
1 2.04245e+06 0
12 0 0
0 0 1
1 1.7463e+06 0
13 0 0
0 0 1
1 1.50027e+06 0
14 0 0
0 0 1
1 1.29582e+06 0
15 0 0
0 0 1
1 1.1264e+06 0
16 0 0
0 0 1
1 987857 0
17 0 0
0 0 1
1 875516 0
18 0 0
0 0 1
1 783514 0
19 0 0
0 0 1
1 708359 0
20 0 0
0 0 1
1 649588 0
21 0 0
0 0 1
1 605781 0
22 0 0
0 0 1
1 573078 0
23 0 0
0 0 1
1 548608 0
24 0 0
0 0 1
1 532437 0
25 0 0
0 0 1
1 525199 0
26 0 0
0 0 1
1 526250 0
27 0 0
0 0 1
1 534352 0
28 0 0
0 0 1
1 547302 0
29 0 0
0 0 1
1 560419 0
30 0 0
0 0 1
1 568177 0
-1 0 0
