91
1 0 0
0 0 1
1 1.25684e+07 0
2 0 0
0 0 1
1 1.17637e+07 0
3 0 0
0 0 1
1 1.06991e+07 0
4 0 0
0 0 1
1 9.31847e+06 0
5 0 0
0 0 1
1 7.81252e+06 0
6 0 0
0 0 1
1 6.41519e+06 0
7 0 0
0 0 1
1 5.23566e+06 0
8 0 0
0 0 1
1 4.27528e+06 0
9 0 0
0 0 1
1 3.50932e+06 0
10 0 0
0 0 1
1 2.90924e+06 0
11 0 0
0 0 1
1 2.43382e+06 0
12 0 0
0 0 1
1 2.04606e+06 0
13 0 0
0 0 1
1 1.73151e+06 0
14 0 0
0 0 1
1 1.48399e+06 0
15 0 0
0 0 1
1 1.28684e+06 0
16 0 0
0 0 1
1 1.12147e+06 0
17 0 0
0 0 1
1 982259 0
18 0 0
0 0 1
1 870372 0
19 0 0
0 0 1
1 781376 0
20 0 0
0 0 1
1 708517 0
21 0 0
0 0 1
1 650411 0
22 0 0
0 0 1
1 607031 0
23 0 0
0 0 1
1 574212 0
24 0 0
0 0 1
1 548848 0
25 0 0
0 0 1
1 533904 0
26 0 0
0 0 1
1 532328 0
27 0 0
0 0 1
1 540721 0
28 0 0
0 0 1
1 553911 0
29 0 0
0 0 1
1 571140 0
30 0 0
0 0 1
1 592783 0
-1 0 0
