91
1 0 0
0 0 1
1 7.503e+06 0
2 0 0
0 0 1
1 6.57391e+06 0
3 0 0
0 0 1
1 5.61664e+06 0
4 0 0
0 0 1
1 4.75507e+06 0
5 0 0
0 0 1
1 4.01556e+06 0
6 0 0
0 0 1
1 3.37984e+06 0
7 0 0
0 0 1
1 2.83229e+06 0
8 0 0
0 0 1
1 2.36717e+06 0
9 0 0
0 0 1
1 1.97714e+06 0
10 0 0
0 0 1
1 1.65208e+06 0
11 0 0
0 0 1
1 1.38537e+06 0
12 0 0
0 0 1
1 1.17212e+06 0
13 0 0
0 0 1
1 1.00311e+06 0
14 0 0
0 0 1
1 866523 0
15 0 0
0 0 1
1 754443 0
16 0 0
0 0 1
1 663162 0
17 0 0
0 0 1
1 588780 0
18 0 0
0 0 1
1 526694 0
19 0 0
0 0 1
1 474299 0
20 0 0
0 0 1
1 430458 0
21 0 0
0 0 1
1 393017 0
22 0 0
0 0 1
1 359802 0
23 0 0
0 0 1
1 331169 0
24 0 0
0 0 1
1 308645 0
25 0 0
0 0 1
1 291692 0
26 0 0
0 0 1
1 278391 0
27 0 0
0 0 1
1 268706 0
28 0 0
0 0 1
1 264652 0
29 0 0
0 0 1
1 267686 0
30 0 0
0 0 1
1 277980 0
-1 0 0
