91
1 0 0
0 0 1
1 6.30547e+06 0
2 0 0
0 0 1
1 5.61326e+06 0
3 0 0
0 0 1
1 4.84792e+06 0
4 0 0
0 0 1
1 4.11923e+06 0
5 0 0
0 0 1
1 3.48731e+06 0
6 0 0
0 0 1
1 2.95515e+06 0
7 0 0
0 0 1
1 2.50674e+06 0
8 0 0
0 0 1
1 2.13146e+06 0
9 0 0
0 0 1
1 1.81909e+06 0
10 0 0
0 0 1
1 1.55527e+06 0
11 0 0
0 0 1
1 1.33013e+06 0
12 0 0
0 0 1
1 1.14165e+06 0
13 0 0
0 0 1
1 987265 0
14 0 0
0 0 1
1 859481 0
15 0 0
0 0 1
1 751663 0
16 0 0
0 0 1
1 661787 0
17 0 0
0 0 1
1 588392 0
18 0 0
0 0 1
1 527821 0
19 0 0
0 0 1
1 477125 0
20 0 0
0 0 1
1 435680 0
21 0 0
0 0 1
1 402631 0
22 0 0
0 0 1
1 375883 0
23 0 0
0 0 1
1 354451 0
24 0 0
0 0 1
1 339141 0
25 0 0
0 0 1
1 330308 0
26 0 0
0 0 1
1 326878 0
27 0 0
0 0 1
1 327388 0
28 0 0
0 0 1
1 330123 0
29 0 0
0 0 1
1 332820 0
30 0 0
0 0 1
1 334084 0
-1 0 0
