91
1 0 0
0 0 1
1 1.15582e+07 0
2 0 0
0 0 1
1 1.0058e+07 0
3 0 0
0 0 1
1 8.40709e+06 0
4 0 0
0 0 1
1 6.80638e+06 0
5 0 0
0 0 1
1 5.44083e+06 0
6 0 0
0 0 1
1 4.3853e+06 0
7 0 0
0 0 1
1 3.59981e+06 0
8 0 0
0 0 1
1 3.01056e+06 0
9 0 0
0 0 1
1 2.56732e+06 0
10 0 0
0 0 1
1 2.23374e+06 0
11 0 0
0 0 1
1 1.97007e+06 0
12 0 0
0 0 1
1 1.7476e+06 0
13 0 0
0 0 1
1 1.56026e+06 0
14 0 0
0 0 1
1 1.40774e+06 0
15 0 0
0 0 1
1 1.27977e+06 0
16 0 0
0 0 1
1 1.16551e+06 0
17 0 0
0 0 1
1 1.06523e+06 0
18 0 0
0 0 1
1 982660 0
19 0 0
0 0 1
1 914618 0
20 0 0
0 0 1
1 855771 0
21 0 0
0 0 1
1 806097 0
22 0 0
0 0 1
1 767058 0
23 0 0
0 0 1
1 736348 0
24 0 0
0 0 1
1 711428 0
25 0 0
0 0 1
1 693028 0
26 0 0
0 0 1
1 681692 0
27 0 0
0 0 1
1 675944 0
28 0 0
0 0 1
1 676077 0
29 0 0
0 0 1
1 683868 0
30 0 0
0 0 1
1 696629 0
-1 0 0
