91
1 0 0
0 0 1
1 6.35394e+06 0
2 0 0
0 0 1
1 5.6177e+06 0
3 0 0
0 0 1
1 4.86305e+06 0
4 0 0
0 0 1
1 4.14866e+06 0
5 0 0
0 0 1
1 3.51558e+06 0
6 0 0
0 0 1
1 2.98522e+06 0
7 0 0
0 0 1
1 2.5529e+06 0
8 0 0
0 0 1
1 2.19593e+06 0
9 0 0
0 0 1
1 1.89367e+06 0
10 0 0
0 0 1
1 1.63689e+06 0
11 0 0
0 0 1
1 1.41994e+06 0
12 0 0
0 0 1
1 1.23439e+06 0
13 0 0
0 0 1
1 1.0739e+06 0
14 0 0
0 0 1
1 937943 0
15 0 0
0 0 1
1 825981 0
16 0 0
0 0 1
1 732671 0
17 0 0
0 0 1
1 652657 0
18 0 0
0 0 1
1 585473 0
19 0 0
0 0 1
1 531688 0
20 0 0
0 0 1
1 487825 0
21 0 0
0 0 1
1 449239 0
22 0 0
0 0 1
1 415446 0
23 0 0
0 0 1
1 388717 0
24 0 0
0 0 1
1 369067 0
25 0 0
0 0 1
1 353950 0
26 0 0
0 0 1
1 341864 0
27 0 0
0 0 1
1 333563 0
28 0 0
0 0 1
1 330323 0
29 0 0
0 0 1
1 332767 0
30 0 0
0 0 1
1 340374 0
-1 0 0
