91
1 0 0
0 0 1
1 1.59734e+07 0
2 0 0
0 0 1
1 1.38323e+07 0
3 0 0
0 0 1
1 1.13432e+07 0
4 0 0
0 0 1
1 9.00298e+06 0
5 0 0
0 0 1
1 7.08068e+06 0
6 0 0
0 0 1
1 5.58889e+06 0
7 0 0
0 0 1
1 4.44081e+06 0
8 0 0
0 0 1
1 3.56725e+06 0
9 0 0
0 0 1
1 2.91534e+06 0
10 0 0
0 0 1
1 2.42585e+06 0
11 0 0
0 0 1
1 2.04944e+06 0
12 0 0
0 0 1
1 1.75867e+06 0
13 0 0
0 0 1
1 1.5311e+06 0
14 0 0
0 0 1
1 1.34181e+06 0
15 0 0
0 0 1
1 1.17877e+06 0
16 0 0
0 0 1
1 1.04499e+06 0
17 0 0
0 0 1
1 938483 0
18 0 0
0 0 1
1 846560 0
19 0 0
0 0 1
1 763313 0
20 0 0
0 0 1
1 695177 0
21 0 0
0 0 1
1 644047 0
22 0 0
0 0 1
1 600553 0
23 0 0
0 0 1
1 559246 0
24 0 0
0 0 1
1 526079 0
25 0 0
0 0 1
1 505375 0
26 0 0
0 0 1
1 492419 0
27 0 0
0 0 1
1 484402 0
28 0 0
0 0 1
1 486581 0
29 0 0
0 0 1
1 501732 0
30 0 0
0 0 1
1 524083 0
-1 0 0
