91
1 0 0
0 0 1
1 6.2902e+06 0
2 0 0
0 0 1
1 5.51666e+06 0
3 0 0
0 0 1
1 4.74804e+06 0
4 0 0
0 0 1
1 4.02994e+06 0
5 0 0
0 0 1
1 3.37535e+06 0
6 0 0
0 0 1
1 2.80071e+06 0
7 0 0
0 0 1
1 2.31102e+06 0
8 0 0
0 0 1
1 1.89658e+06 0
9 0 0
0 0 1
1 1.55225e+06 0
10 0 0
0 0 1
1 1.27865e+06 0
11 0 0
0 0 1
1 1.06595e+06 0
12 0 0
0 0 1
1 895813 0
13 0 0
0 0 1
1 758561 0
14 0 0
0 0 1
1 653301 0
15 0 0
0 0 1
1 573527 0
16 0 0
0 0 1
1 507284 0
17 0 0
0 0 1
1 450083 0
18 0 0
0 0 1
1 404760 0
19 0 0
0 0 1
1 369679 0
20 0 0
0 0 1
1 338487 0
21 0 0
0 0 1
1 310391 0
22 0 0
0 0 1
1 289950 0
23 0 0
0 0 1
1 277129 0
24 0 0
0 0 1
1 266926 0
25 0 0
0 0 1
1 258449 0
26 0 0
0 0 1
1 255915 0
27 0 0
0 0 1
1 260757 0
28 0 0
0 0 1
1 269792 0
29 0 0
0 0 1
1 280477 0
30 0 0
0 0 1
1 291628 0
-1 0 0
