91
1 0 0
0 0 1
1 7.13308e+06 0
2 0 0
0 0 1
1 5.76208e+06 0
3 0 0
0 0 1
1 4.4304e+06 0
4 0 0
0 0 1
1 3.40474e+06 0
5 0 0
0 0 1
1 2.68145e+06 0
6 0 0
0 0 1
1 2.15923e+06 0
7 0 0
0 0 1
1 1.77979e+06 0
8 0 0
0 0 1
1 1.51526e+06 0
9 0 0
0 0 1
1 1.32384e+06 0
10 0 0
0 0 1
1 1.16806e+06 0
11 0 0
0 0 1
1 1.0395e+06 0
12 0 0
0 0 1
1 937786 0
13 0 0
0 0 1
1 849500 0
14 0 0
0 0 1
1 764666 0
15 0 0
0 0 1
1 690742 0
16 0 0
0 0 1
1 634411 0
17 0 0
0 0 1
1 587208 0
18 0 0
0 0 1
1 541305 0
19 0 0
0 0 1
1 502712 0
20 0 0
0 0 1
1 477161 0
21 0 0
0 0 1
1 457600 0
22 0 0
0 0 1
1 436666 0
23 0 0
0 0 1
1 418779 0
24 0 0
0 0 1
1 409585 0
25 0 0
0 0 1
1 404616 0
26 0 0
0 0 1
1 397985 0
27 0 0
0 0 1
1 392555 0
28 0 0
0 0 1
1 392680 0
29 0 0
0 0 1
1 395493 0
30 0 0
0 0 1
1 397388 0
-1 0 0
