91
1 0 0
0 0 1
1 5.81622e+06 0
2 0 0
0 0 1
1 4.97276e+06 0
3 0 0
0 0 1
1 4.06875e+06 0
4 0 0
0 0 1
1 3.27674e+06 0
5 0 0
0 0 1
1 2.65615e+06 0
6 0 0
0 0 1
1 2.17224e+06 0
7 0 0
0 0 1
1 1.7866e+06 0
8 0 0
0 0 1
1 1.48713e+06 0
9 0 0
0 0 1
1 1.2562e+06 0
10 0 0
0 0 1
1 1.06389e+06 0
11 0 0
0 0 1
1 896433 0
12 0 0
0 0 1
1 759925 0
13 0 0
0 0 1
1 653574 0
14 0 0
0 0 1
1 563251 0
15 0 0
0 0 1
1 482381 0
16 0 0
0 0 1
1 417364 0
17 0 0
0 0 1
1 369691 0
18 0 0
0 0 1
1 330588 0
19 0 0
0 0 1
1 295671 0
20 0 0
0 0 1
1 269104 0
21 0 0
0 0 1
1 250770 0
22 0 0
0 0 1
1 233215 0
23 0 0
0 0 1
1 213885 0
24 0 0
0 0 1
1 198303 0
25 0 0
0 0 1
1 188904 0
26 0 0
0 0 1
1 181704 0
27 0 0
0 0 1
1 176049 0
28 0 0
0 0 1
1 177422 0
29 0 0
0 0 1
1 188170 0
30 0 0
0 0 1
1 203986 0
-1 0 0
