91
1 0 0
0 0 1
1 7.27222e+06 0
2 0 0
0 0 1
1 6.10601e+06 0
3 0 0
0 0 1
1 4.96827e+06 0
4 0 0
0 0 1
1 4.00027e+06 0
5 0 0
0 0 1
1 3.22775e+06 0
6 0 0
0 0 1
1 2.61874e+06 0
7 0 0
0 0 1
1 2.14523e+06 0
8 0 0
0 0 1
1 1.78731e+06 0
9 0 0
0 0 1
1 1.51578e+06 0
10 0 0
0 0 1
1 1.29998e+06 0
11 0 0
0 0 1
1 1.1247e+06 0
12 0 0
0 0 1
1 984944 0
13 0 0
0 0 1
1 871531 0
14 0 0
0 0 1
1 773599 0
15 0 0
0 0 1
1 688646 0
16 0 0
0 0 1
1 619177 0
17 0 0
0 0 1
1 563091 0
18 0 0
0 0 1
1 515204 0
19 0 0
0 0 1
1 474166 0
20 0 0
0 0 1
1 440678 0
21 0 0
0 0 1
1 412408 0
22 0 0
0 0 1
1 386914 0
23 0 0
0 0 1
1 366185 0
24 0 0
0 0 1
1 352592 0
25 0 0
0 0 1
1 343654 0
26 0 0
0 0 1
1 336059 0
27 0 0
0 0 1
1 331545 0
28 0 0
0 0 1
1 333682 0
29 0 0
0 0 1
1 342006 0
30 0 0
0 0 1
1 354159 0
-1 0 0
