91
1 0 0
0 0 1
1 1.17888e+07 0
2 0 0
0 0 1
1 1.06366e+07 0
3 0 0
0 0 1
1 9.54483e+06 0
4 0 0
0 0 1
1 8.47787e+06 0
5 0 0
0 0 1
1 7.43815e+06 0
6 0 0
0 0 1
1 6.4946e+06 0
7 0 0
0 0 1
1 5.67828e+06 0
8 0 0
0 0 1
1 4.9631e+06 0
9 0 0
0 0 1
1 4.3399e+06 0
10 0 0
0 0 1
1 3.82742e+06 0
11 0 0
0 0 1
1 3.41184e+06 0
12 0 0
0 0 1
1 3.04174e+06 0
13 0 0
0 0 1
1 2.68817e+06 0
14 0 0
0 0 1
1 2.36046e+06 0
15 0 0
0 0 1
1 2.0633e+06 0
16 0 0
0 0 1
1 1.78478e+06 0
17 0 0
0 0 1
1 1.52888e+06 0
18 0 0
0 0 1
1 1.31657e+06 0
19 0 0
0 0 1
1 1.14934e+06 0
20 0 0
0 0 1
1 1.00623e+06 0
21 0 0
0 0 1
1 880163 0
22 0 0
0 0 1
1 784311 0
23 0 0
0 0 1
1 719058 0
24 0 0
0 0 1
1 664709 0
25 0 0
0 0 1
1 612489 0
26 0 0
0 0 1
1 574724 0
27 0 0
0 0 1
1 558342 0
28 0 0
0 0 1
1 553388 0
29 0 0
0 0 1
1 552978 0
30 0 0
0 0 1
1 560989 0
-1 0 0
