91
1 0 0
0 0 1
1 1.50834e+07 0
2 0 0
0 0 1
1 1.33201e+07 0
3 0 0
0 0 1
1 1.12883e+07 0
4 0 0
0 0 1
1 9.20012e+06 0
5 0 0
0 0 1
1 7.32987e+06 0
6 0 0
0 0 1
1 5.83472e+06 0
7 0 0
0 0 1
1 4.70154e+06 0
8 0 0
0 0 1
1 3.845e+06 0
9 0 0
0 0 1
1 3.19738e+06 0
10 0 0
0 0 1
1 2.70948e+06 0
11 0 0
0 0 1
1 2.33088e+06 0
12 0 0
0 0 1
1 2.02315e+06 0
13 0 0
0 0 1
1 1.7711e+06 0
14 0 0
0 0 1
1 1.56583e+06 0
15 0 0
0 0 1
1 1.39248e+06 0
16 0 0
0 0 1
1 1.24174e+06 0
17 0 0
0 0 1
1 1.11568e+06 0
18 0 0
0 0 1
1 1.01359e+06 0
19 0 0
0 0 1
1 925504 0
20 0 0
0 0 1
1 845137 0
21 0 0
0 0 1
1 776653 0
22 0 0
0 0 1
1 723499 0
23 0 0
0 0 1
1 681690 0
24 0 0
0 0 1
1 648390 0
25 0 0
0 0 1
1 626803 0
26 0 0
0 0 1
1 618620 0
27 0 0
0 0 1
1 620648 0
28 0 0
0 0 1
1 631644 0
29 0 0
0 0 1
1 653583 0
30 0 0
0 0 1
1 683645 0
-1 0 0
