91
1 0 0
0 0 1
1 1.14416e+07 0
2 0 0
0 0 1
1 1.0133e+07 0
3 0 0
0 0 1
1 8.9672e+06 0
4 0 0
0 0 1
1 7.98118e+06 0
5 0 0
0 0 1
1 7.15172e+06 0
6 0 0
0 0 1
1 6.41983e+06 0
7 0 0
0 0 1
1 5.71744e+06 0
8 0 0
0 0 1
1 5.01026e+06 0
9 0 0
0 0 1
1 4.31699e+06 0
10 0 0
0 0 1
1 3.67894e+06 0
11 0 0
0 0 1
1 3.1201e+06 0
12 0 0
0 0 1
1 2.64293e+06 0
13 0 0
0 0 1
1 2.24671e+06 0
14 0 0
0 0 1
1 1.93019e+06 0
15 0 0
0 0 1
1 1.68045e+06 0
16 0 0
0 0 1
1 1.47589e+06 0
17 0 0
0 0 1
1 1.30246e+06 0
18 0 0
0 0 1
1 1.15798e+06 0
19 0 0
0 0 1
1 1.04076e+06 0
20 0 0
0 0 1
1 943859 0
21 0 0
0 0 1
1 861872 0
22 0 0
0 0 1
1 795081 0
23 0 0
0 0 1
1 743862 0
24 0 0
0 0 1
1 704462 0
25 0 0
0 0 1
1 672589 0
26 0 0
0 0 1
1 647212 0
27 0 0
0 0 1
1 629487 0
28 0 0
0 0 1
1 621231 0
29 0 0
0 0 1
1 624549 0
30 0 0
0 0 1
1 638818 0
-1 0 0
