91
1 0 0
0 0 1
1 1.31594e+07 0
2 0 0
0 0 1
1 1.14699e+07 0
3 0 0
0 0 1
1 9.83491e+06 0
4 0 0
0 0 1
1 8.34535e+06 0
5 0 0
0 0 1
1 7.03499e+06 0
6 0 0
0 0 1
1 5.90788e+06 0
7 0 0
0 0 1
1 4.95857e+06 0
8 0 0
0 0 1
1 4.17669e+06 0
9 0 0
0 0 1
1 3.54168e+06 0
10 0 0
0 0 1
1 3.02399e+06 0
11 0 0
0 0 1
1 2.59676e+06 0
12 0 0
0 0 1
1 2.24361e+06 0
13 0 0
0 0 1
1 1.95405e+06 0
14 0 0
0 0 1
1 1.71645e+06 0
15 0 0
0 0 1
1 1.51907e+06 0
16 0 0
0 0 1
1 1.35432e+06 0
17 0 0
0 0 1
1 1.21729e+06 0
18 0 0
0 0 1
1 1.10161e+06 0
19 0 0
0 0 1
1 1.00057e+06 0
20 0 0
0 0 1
1 911155 0
21 0 0
0 0 1
1 833934 0
22 0 0
0 0 1
1 769325 0
23 0 0
0 0 1
1 716670 0
24 0 0
0 0 1
1 675906 0
25 0 0
0 0 1
1 647087 0
26 0 0
0 0 1
1 628482 0
27 0 0
0 0 1
1 617981 0
28 0 0
0 0 1
1 616527 0
29 0 0
0 0 1
1 627261 0
30 0 0
0 0 1
1 649943 0
-1 0 0
