91
1 0 0
0 0 1
1 1.14099e+07 0
2 0 0
0 0 1
1 1.00401e+07 0
3 0 0
0 0 1
1 8.52618e+06 0
4 0 0
0 0 1
1 7.04149e+06 0
5 0 0
0 0 1
1 5.7293e+06 0
6 0 0
0 0 1
1 4.63747e+06 0
7 0 0
0 0 1
1 3.75731e+06 0
8 0 0
0 0 1
1 3.07536e+06 0
9 0 0
0 0 1
1 2.5671e+06 0
10 0 0
0 0 1
1 2.18116e+06 0
11 0 0
0 0 1
1 1.86631e+06 0
12 0 0
0 0 1
1 1.60248e+06 0
13 0 0
0 0 1
1 1.38832e+06 0
14 0 0
0 0 1
1 1.21431e+06 0
15 0 0
0 0 1
1 1.06602e+06 0
16 0 0
0 0 1
1 940634 0
17 0 0
0 0 1
1 841046 0
18 0 0
0 0 1
1 761088 0
19 0 0
0 0 1
1 690664 0
20 0 0
0 0 1
1 629055 0
21 0 0
0 0 1
1 580828 0
22 0 0
0 0 1
1 544080 0
23 0 0
0 0 1
1 513342 0
24 0 0
0 0 1
1 489332 0
25 0 0
0 0 1
1 476710 0
26 0 0
0 0 1
1 476340 0
27 0 0
0 0 1
1 486700 0
28 0 0
0 0 1
1 507571 0
29 0 0
0 0 1
1 535392 0
30 0 0
0 0 1
1 560215 0
-1 0 0
