91
1 0 0
0 0 1
1 9.72464e+06 0
2 0 0
0 0 1
1 9.06328e+06 0
3 0 0
0 0 1
1 8.09939e+06 0
4 0 0
0 0 1
1 6.90601e+06 0
5 0 0
0 0 1
1 5.70556e+06 0
6 0 0
0 0 1
1 4.6543e+06 0
7 0 0
0 0 1
1 3.7898e+06 0
8 0 0
0 0 1
1 3.10371e+06 0
9 0 0
0 0 1
1 2.57796e+06 0
10 0 0
0 0 1
1 2.17376e+06 0
11 0 0
0 0 1
1 1.84666e+06 0
12 0 0
0 0 1
1 1.5765e+06 0
13 0 0
0 0 1
1 1.35999e+06 0
14 0 0
0 0 1
1 1.18582e+06 0
15 0 0
0 0 1
1 1.03818e+06 0
16 0 0
0 0 1
1 913090 0
17 0 0
0 0 1
1 811960 0
18 0 0
0 0 1
1 727895 0
19 0 0
0 0 1
1 653261 0
20 0 0
0 0 1
1 590827 0
21 0 0
0 0 1
1 544112 0
22 0 0
0 0 1
1 506221 0
23 0 0
0 0 1
1 470299 0
24 0 0
0 0 1
1 441616 0
25 0 0
0 0 1
1 427535 0
26 0 0
0 0 1
1 424014 0
27 0 0
0 0 1
1 423043 0
28 0 0
0 0 1
1 425615 0
29 0 0
0 0 1
1 436547 0
30 0 0
0 0 1
1 452844 0
-1 0 0
