91
1 0 0
0 0 1
1 3.57897e+06 0
2 0 0
0 0 1
1 3.02114e+06 0
3 0 0
0 0 1
1 2.46018e+06 0
4 0 0
0 0 1
1 1.96693e+06 0
5 0 0
0 0 1
1 1.56987e+06 0
6 0 0
0 0 1
1 1.26582e+06 0
7 0 0
0 0 1
1 1.0376e+06 0
8 0 0
0 0 1
1 866286 0
9 0 0
0 0 1
1 736154 0
10 0 0
0 0 1
1 635332 0
11 0 0
0 0 1
1 554889 0
12 0 0
0 0 1
1 488349 0
13 0 0
0 0 1
1 431920 0
14 0 0
0 0 1
1 384078 0
15 0 0
0 0 1
1 343937 0
16 0 0
0 0 1
1 310072 0
17 0 0
0 0 1
1 281084 0
18 0 0
0 0 1
1 256511 0
19 0 0
0 0 1
1 236278 0
20 0 0
0 0 1
1 219507 0
21 0 0
0 0 1
1 204783 0
22 0 0
0 0 1
1 191602 0
23 0 0
0 0 1
1 180807 0
24 0 0
0 0 1
1 173334 0
25 0 0
0 0 1
1 169023 0
26 0 0
0 0 1
1 166969 0
27 0 0
0 0 1
1 166624 0
28 0 0
0 0 1
1 168169 0
29 0 0
0 0 1
1 171838 0
30 0 0
0 0 1
1 177209 0
-1 0 0
