91
1 0 0
0 0 1
1 8.2199e+06 0
2 0 0
0 0 1
1 6.92606e+06 0
3 0 0
0 0 1
1 5.58396e+06 0
4 0 0
0 0 1
1 4.35011e+06 0
5 0 0
0 0 1
1 3.33516e+06 0
6 0 0
0 0 1
1 2.58384e+06 0
7 0 0
0 0 1
1 2.05722e+06 0
8 0 0
0 0 1
1 1.67819e+06 0
9 0 0
0 0 1
1 1.39467e+06 0
10 0 0
0 0 1
1 1.18661e+06 0
11 0 0
0 0 1
1 1.03362e+06 0
12 0 0
0 0 1
1 908117 0
13 0 0
0 0 1
1 796156 0
14 0 0
0 0 1
1 700570 0
15 0 0
0 0 1
1 622003 0
16 0 0
0 0 1
1 553362 0
17 0 0
0 0 1
1 492245 0
18 0 0
0 0 1
1 443044 0
19 0 0
0 0 1
1 405288 0
20 0 0
0 0 1
1 372269 0
21 0 0
0 0 1
1 342089 0
22 0 0
0 0 1
1 319131 0
23 0 0
0 0 1
1 303898 0
24 0 0
0 0 1
1 291287 0
25 0 0
0 0 1
1 279615 0
26 0 0
0 0 1
1 272280 0
27 0 0
0 0 1
1 269851 0
28 0 0
0 0 1
1 268970 0
29 0 0
0 0 1
1 269813 0
30 0 0
0 0 1
1 276834 0
-1 0 0
