91
1 0 0
0 0 1
1 9.74846e+06 0
2 0 0
0 0 1
1 8.39841e+06 0
3 0 0
0 0 1
1 6.88439e+06 0
4 0 0
0 0 1
1 5.40035e+06 0
5 0 0
0 0 1
1 4.1487e+06 0
6 0 0
0 0 1
1 3.21768e+06 0
7 0 0
0 0 1
1 2.55571e+06 0
8 0 0
0 0 1
1 2.07066e+06 0
9 0 0
0 0 1
1 1.71081e+06 0
10 0 0
0 0 1
1 1.44988e+06 0
11 0 0
0 0 1
1 1.25206e+06 0
12 0 0
0 0 1
1 1.08499e+06 0
13 0 0
0 0 1
1 941756 0
14 0 0
0 0 1
1 825571 0
15 0 0
0 0 1
1 728022 0
16 0 0
0 0 1
1 638326 0
17 0 0
0 0 1
1 559112 0
18 0 0
0 0 1
1 497222 0
19 0 0
0 0 1
1 449188 0
20 0 0
0 0 1
1 407792 0
21 0 0
0 0 1
1 373392 0
22 0 0
0 0 1
1 348123 0
23 0 0
0 0 1
1 327515 0
24 0 0
0 0 1
1 307494 0
25 0 0
0 0 1
1 291980 0
26 0 0
0 0 1
1 284991 0
27 0 0
0 0 1
1 282507 0
28 0 0
0 0 1
1 280169 0
29 0 0
0 0 1
1 282164 0
30 0 0
0 0 1
1 294579 0
-1 0 0
