91
1 0 0
0 0 1
1 5.14982e+06 0
2 0 0
0 0 1
1 4.59733e+06 0
3 0 0
0 0 1
1 4.05917e+06 0
4 0 0
0 0 1
1 3.56396e+06 0
5 0 0
0 0 1
1 3.12262e+06 0
6 0 0
0 0 1
1 2.73454e+06 0
7 0 0
0 0 1
1 2.39412e+06 0
8 0 0
0 0 1
1 2.09485e+06 0
9 0 0
0 0 1
1 1.83138e+06 0
10 0 0
0 0 1
1 1.60005e+06 0
11 0 0
0 0 1
1 1.39802e+06 0
12 0 0
0 0 1
1 1.22259e+06 0
13 0 0
0 0 1
1 1.07142e+06 0
14 0 0
0 0 1
1 942540 0
15 0 0
0 0 1
1 833551 0
16 0 0
0 0 1
1 741369 0
17 0 0
0 0 1
1 663147 0
18 0 0
0 0 1
1 597031 0
19 0 0
0 0 1
1 541580 0
20 0 0
0 0 1
1 495115 0
21 0 0
0 0 1
1 456215 0
22 0 0
0 0 1
1 424208 0
23 0 0
0 0 1
1 398374 0
24 0 0
0 0 1
1 377221 0
25 0 0
0 0 1
1 359608 0
26 0 0
0 0 1
1 346263 0
27 0 0
0 0 1
1 338905 0
28 0 0
0 0 1
1 337484 0
29 0 0
0 0 1
1 339038 0
30 0 0
0 0 1
1 339662 0
-1 0 0
