91
1 0 0
0 0 1
1 6.21302e+06 0
2 0 0
0 0 1
1 5.6089e+06 0
3 0 0
0 0 1
1 5.02197e+06 0
4 0 0
0 0 1
1 4.45202e+06 0
5 0 0
0 0 1
1 3.90822e+06 0
6 0 0
0 0 1
1 3.40259e+06 0
7 0 0
0 0 1
1 2.9431e+06 0
8 0 0
0 0 1
1 2.53598e+06 0
9 0 0
0 0 1
1 2.18471e+06 0
10 0 0
0 0 1
1 1.88456e+06 0
11 0 0
0 0 1
1 1.62452e+06 0
12 0 0
0 0 1
1 1.39681e+06 0
13 0 0
0 0 1
1 1.20073e+06 0
14 0 0
0 0 1
1 1.03691e+06 0
15 0 0
0 0 1
1 902035 0
16 0 0
0 0 1
1 790581 0
17 0 0
0 0 1
1 698086 0
18 0 0
0 0 1
1 621213 0
19 0 0
0 0 1
1 556902 0
20 0 0
0 0 1
1 503040 0
21 0 0
0 0 1
1 458585 0
22 0 0
0 0 1
1 422235 0
23 0 0
0 0 1
1 392291 0
24 0 0
0 0 1
1 368442 0
25 0 0
0 0 1
1 352095 0
26 0 0
0 0 1
1 343818 0
27 0 0
0 0 1
1 341261 0
28 0 0
0 0 1
1 340516 0
29 0 0
0 0 1
1 339043 0
30 0 0
0 0 1
1 336576 0
-1 0 0
