91
1 0 0
0 0 1
1 7.82305e+06 0
2 0 0
0 0 1
1 6.4725e+06 0
3 0 0
0 0 1
1 5.14753e+06 0
4 0 0
0 0 1
1 4.06324e+06 0
5 0 0
0 0 1
1 3.23324e+06 0
6 0 0
0 0 1
1 2.60081e+06 0
7 0 0
0 0 1
1 2.12914e+06 0
8 0 0
0 0 1
1 1.78978e+06 0
9 0 0
0 0 1
1 1.53998e+06 0
10 0 0
0 0 1
1 1.34298e+06 0
11 0 0
0 0 1
1 1.18536e+06 0
12 0 0
0 0 1
1 1.06022e+06 0
13 0 0
0 0 1
1 952846 0
14 0 0
0 0 1
1 853541 0
15 0 0
0 0 1
1 767160 0
16 0 0
0 0 1
1 698705 0
17 0 0
0 0 1
1 641646 0
18 0 0
0 0 1
1 588643 0
19 0 0
0 0 1
1 542223 0
20 0 0
0 0 1
1 506441 0
21 0 0
0 0 1
1 477475 0
22 0 0
0 0 1
1 450214 0
23 0 0
0 0 1
1 426323 0
24 0 0
0 0 1
1 408920 0
25 0 0
0 0 1
1 395968 0
26 0 0
0 0 1
1 384964 0
27 0 0
0 0 1
1 378143 0
28 0 0
0 0 1
1 377646 0
29 0 0
0 0 1
1 380915 0
30 0 0
0 0 1
1 385613 0
-1 0 0
