91
1 0 0
0 0 1
1 7.10281e+06 0
2 0 0
0 0 1
1 6.21933e+06 0
3 0 0
0 0 1
1 5.26309e+06 0
4 0 0
0 0 1
1 4.33347e+06 0
5 0 0
0 0 1
1 3.50811e+06 0
6 0 0
0 0 1
1 2.82367e+06 0
7 0 0
0 0 1
1 2.28109e+06 0
8 0 0
0 0 1
1 1.86065e+06 0
9 0 0
0 0 1
1 1.53584e+06 0
10 0 0
0 0 1
1 1.28271e+06 0
11 0 0
0 0 1
1 1.08319e+06 0
12 0 0
0 0 1
1 923444 0
13 0 0
0 0 1
1 792590 0
14 0 0
0 0 1
1 684017 0
15 0 0
0 0 1
1 595319 0
16 0 0
0 0 1
1 525060 0
17 0 0
0 0 1
1 470227 0
18 0 0
0 0 1
1 427078 0
19 0 0
0 0 1
1 392727 0
20 0 0
0 0 1
1 365051 0
21 0 0
0 0 1
1 342426 0
22 0 0
0 0 1
1 324391 0
23 0 0
0 0 1
1 311453 0
24 0 0
0 0 1
1 303555 0
25 0 0
0 0 1
1 299754 0
26 0 0
0 0 1
1 299864 0
27 0 0
0 0 1
1 305210 0
28 0 0
0 0 1
1 316915 0
29 0 0
0 0 1
1 333998 0
30 0 0
0 0 1
1 353460 0
-1 0 0
