91
1 0 0
0 0 1
1 8.18463e+06 0
2 0 0
0 0 1
1 7.0103e+06 0
3 0 0
0 0 1
1 5.7949e+06 0
4 0 0
0 0 1
1 4.69312e+06 0
5 0 0
0 0 1
1 3.73962e+06 0
6 0 0
0 0 1
1 2.95471e+06 0
7 0 0
0 0 1
1 2.35858e+06 0
8 0 0
0 0 1
1 1.9269e+06 0
9 0 0
0 0 1
1 1.60328e+06 0
10 0 0
0 0 1
1 1.35181e+06 0
11 0 0
0 0 1
1 1.16208e+06 0
12 0 0
0 0 1
1 1.01609e+06 0
13 0 0
0 0 1
1 888295 0
14 0 0
0 0 1
1 773062 0
15 0 0
0 0 1
1 681084 0
16 0 0
0 0 1
1 610590 0
17 0 0
0 0 1
1 546935 0
18 0 0
0 0 1
1 487109 0
19 0 0
0 0 1
1 440625 0
20 0 0
0 0 1
1 407423 0
21 0 0
0 0 1
1 376293 0
22 0 0
0 0 1
1 344840 0
23 0 0
0 0 1
1 321683 0
24 0 0
0 0 1
1 308396 0
25 0 0
0 0 1
1 296738 0
26 0 0
0 0 1
1 284735 0
27 0 0
0 0 1
1 279664 0
28 0 0
0 0 1
1 283708 0
29 0 0
0 0 1
1 290797 0
30 0 0
0 0 1
1 298865 0
-1 0 0
