91
1 0 0
0 0 1
1 5.52475e+06 0
2 0 0
0 0 1
1 5.13297e+06 0
3 0 0
0 0 1
1 4.80946e+06 0
4 0 0
0 0 1
1 4.48662e+06 0
5 0 0
0 0 1
1 4.11062e+06 0
6 0 0
0 0 1
1 3.66614e+06 0
7 0 0
0 0 1
1 3.17718e+06 0
8 0 0
0 0 1
1 2.69075e+06 0
9 0 0
0 0 1
1 2.24808e+06 0
10 0 0
0 0 1
1 1.86632e+06 0
11 0 0
0 0 1
1 1.54488e+06 0
12 0 0
0 0 1
1 1.28001e+06 0
13 0 0
0 0 1
1 1.06723e+06 0
14 0 0
0 0 1
1 897786 0
15 0 0
0 0 1
1 762039 0
16 0 0
0 0 1
1 654488 0
17 0 0
0 0 1
1 570760 0
18 0 0
0 0 1
1 503584 0
19 0 0
0 0 1
1 446818 0
20 0 0
0 0 1
1 400004 0
21 0 0
0 0 1
1 364118 0
22 0 0
0 0 1
1 335966 0
23 0 0
0 0 1
1 311317 0
24 0 0
0 0 1
1 290491 0
25 0 0
0 0 1
1 276174 0
26 0 0
0 0 1
1 268180 0
27 0 0
0 0 1
1 264632 0
28 0 0
0 0 1
1 265847 0
29 0 0
0 0 1
1 272702 0
30 0 0
0 0 1
1 282966 0
-1 0 0
