91
1 0 0
0 0 1
1 7.09288e+06 0
2 0 0
0 0 1
1 5.78586e+06 0
3 0 0
0 0 1
1 4.53551e+06 0
4 0 0
0 0 1
1 3.54351e+06 0
5 0 0
0 0 1
1 2.8218e+06 0
6 0 0
0 0 1
1 2.29643e+06 0
7 0 0
0 0 1
1 1.91089e+06 0
8 0 0
0 0 1
1 1.63359e+06 0
9 0 0
0 0 1
1 1.42853e+06 0
10 0 0
0 0 1
1 1.26122e+06 0
11 0 0
0 0 1
1 1.11886e+06 0
12 0 0
0 0 1
1 1.00191e+06 0
13 0 0
0 0 1
1 904311 0
14 0 0
0 0 1
1 816540 0
15 0 0
0 0 1
1 738546 0
16 0 0
0 0 1
1 675131 0
17 0 0
0 0 1
1 623592 0
18 0 0
0 0 1
1 576927 0
19 0 0
0 0 1
1 534696 0
20 0 0
0 0 1
1 501040 0
21 0 0
0 0 1
1 475365 0
22 0 0
0 0 1
1 453080 0
23 0 0
0 0 1
1 432827 0
24 0 0
0 0 1
1 416219 0
25 0 0
0 0 1
1 402990 0
26 0 0
0 0 1
1 392165 0
27 0 0
0 0 1
1 385617 0
28 0 0
0 0 1
1 385479 0
29 0 0
0 0 1
1 390387 0
30 0 0
0 0 1
1 398284 0
-1 0 0
