91
1 0 0
0 0 1
1 4.19494e+06 0
2 0 0
0 0 1
1 3.7235e+06 0
3 0 0
0 0 1
1 3.17897e+06 0
4 0 0
0 0 1
1 2.62784e+06 0
5 0 0
0 0 1
1 2.14368e+06 0
6 0 0
0 0 1
1 1.7571e+06 0
7 0 0
0 0 1
1 1.45073e+06 0
8 0 0
0 0 1
1 1.19976e+06 0
9 0 0
0 0 1
1 996202 0
10 0 0
0 0 1
1 835655 0
11 0 0
0 0 1
1 705275 0
12 0 0
0 0 1
1 594613 0
13 0 0
0 0 1
1 504038 0
14 0 0
0 0 1
1 434403 0
15 0 0
0 0 1
1 378718 0
16 0 0
0 0 1
1 330265 0
17 0 0
0 0 1
1 289842 0
18 0 0
0 0 1
1 259020 0
19 0 0
0 0 1
1 233888 0
20 0 0
0 0 1
1 210836 0
21 0 0
0 0 1
1 191811 0
22 0 0
0 0 1
1 178684 0
23 0 0
0 0 1
1 168180 0
24 0 0
0 0 1
1 157244 0
25 0 0
0 0 1
1 148328 0
26 0 0
0 0 1
1 144836 0
27 0 0
0 0 1
1 145728 0
28 0 0
0 0 1
1 148720 0
29 0 0
0 0 1
1 154733 0
30 0 0
0 0 1
1 164940 0
-1 0 0
