91
1 0 0
0 0 1
1 1.3694e+07 0
2 0 0
0 0 1
1 1.12902e+07 0
3 0 0
0 0 1
1 8.96963e+06 0
4 0 0
0 0 1
1 7.06018e+06 0
5 0 0
0 0 1
1 5.6263e+06 0
6 0 0
0 0 1
1 4.56011e+06 0
7 0 0
0 0 1
1 3.7526e+06 0
8 0 0
0 0 1
1 3.14933e+06 0
9 0 0
0 0 1
1 2.70185e+06 0
10 0 0
0 0 1
1 2.34854e+06 0
11 0 0
0 0 1
1 2.04997e+06 0
12 0 0
0 0 1
1 1.79933e+06 0
13 0 0
0 0 1
1 1.59101e+06 0
14 0 0
0 0 1
1 1.40847e+06 0
15 0 0
0 0 1
1 1.24524e+06 0
16 0 0
0 0 1
1 1.10947e+06 0
17 0 0
0 0 1
1 1.00145e+06 0
18 0 0
0 0 1
1 907956 0
19 0 0
0 0 1
1 822987 0
20 0 0
0 0 1
1 754304 0
21 0 0
0 0 1
1 704423 0
22 0 0
0 0 1
1 662648 0
23 0 0
0 0 1
1 621524 0
24 0 0
0 0 1
1 586316 0
25 0 0
0 0 1
1 562567 0
26 0 0
0 0 1
1 546990 0
27 0 0
0 0 1
1 536084 0
28 0 0
0 0 1
1 533200 0
29 0 0
0 0 1
1 542322 0
30 0 0
0 0 1
1 563118 0
-1 0 0
