91
1 0 0
0 0 1
1 7.85364e+06 0
2 0 0
0 0 1
1 6.82113e+06 0
3 0 0
0 0 1
1 5.69448e+06 0
4 0 0
0 0 1
1 4.58001e+06 0
5 0 0
0 0 1
1 3.59515e+06 0
6 0 0
0 0 1
1 2.81299e+06 0
7 0 0
0 0 1
1 2.23091e+06 0
8 0 0
0 0 1
1 1.80189e+06 0
9 0 0
0 0 1
1 1.48127e+06 0
10 0 0
0 0 1
1 1.23946e+06 0
11 0 0
0 0 1
1 1.05232e+06 0
12 0 0
0 0 1
1 900399 0
13 0 0
0 0 1
1 774520 0
14 0 0
0 0 1
1 671384 0
15 0 0
0 0 1
1 585369 0
16 0 0
0 0 1
1 510433 0
17 0 0
0 0 1
1 445987 0
18 0 0
0 0 1
1 394053 0
19 0 0
0 0 1
1 352796 0
20 0 0
0 0 1
1 317849 0
21 0 0
0 0 1
1 287718 0
22 0 0
0 0 1
1 263357 0
23 0 0
0 0 1
1 244402 0
24 0 0
0 0 1
1 229617 0
25 0 0
0 0 1
1 219138 0
26 0 0
0 0 1
1 212978 0
27 0 0
0 0 1
1 209470 0
28 0 0
0 0 1
1 208254 0
29 0 0
0 0 1
1 212428 0
30 0 0
0 0 1
1 224521 0
-1 0 0
