91
1 0 0
0 0 1
1 6.94428e+06 0
2 0 0
0 0 1
1 6.01531e+06 0
3 0 0
0 0 1
1 4.98811e+06 0
4 0 0
0 0 1
1 4.01664e+06 0
5 0 0
0 0 1
1 3.21194e+06 0
6 0 0
0 0 1
1 2.59638e+06 0
7 0 0
0 0 1
1 2.13121e+06 0
8 0 0
0 0 1
1 1.77318e+06 0
9 0 0
0 0 1
1 1.49735e+06 0
10 0 0
0 0 1
1 1.28489e+06 0
11 0 0
0 0 1
1 1.1152e+06 0
12 0 0
0 0 1
1 973952 0
13 0 0
0 0 1
1 856483 0
14 0 0
0 0 1
1 759371 0
15 0 0
0 0 1
1 676319 0
16 0 0
0 0 1
1 604045 0
17 0 0
0 0 1
1 544304 0
18 0 0
0 0 1
1 497041 0
19 0 0
0 0 1
1 457387 0
20 0 0
0 0 1
1 421962 0
21 0 0
0 0 1
1 392570 0
22 0 0
0 0 1
1 370678 0
23 0 0
0 0 1
1 353164 0
24 0 0
0 0 1
1 336993 0
25 0 0
0 0 1
1 323941 0
26 0 0
0 0 1
1 316830 0
27 0 0
0 0 1
1 314278 0
28 0 0
0 0 1
1 313145 0
29 0 0
0 0 1
1 313823 0
30 0 0
0 0 1
1 319000 0
-1 0 0
