91
1 0 0
0 0 1
1 1.36726e+07 0
2 0 0
0 0 1
1 1.2135e+07 0
3 0 0
0 0 1
1 1.02503e+07 0
4 0 0
0 0 1
1 8.18897e+06 0
5 0 0
0 0 1
1 6.3056e+06 0
6 0 0
0 0 1
1 4.84162e+06 0
7 0 0
0 0 1
1 3.77936e+06 0
8 0 0
0 0 1
1 2.98889e+06 0
9 0 0
0 0 1
1 2.39681e+06 0
10 0 0
0 0 1
1 1.97417e+06 0
11 0 0
0 0 1
1 1.66552e+06 0
12 0 0
0 0 1
1 1.41055e+06 0
13 0 0
0 0 1
1 1.19464e+06 0
14 0 0
0 0 1
1 1.02556e+06 0
15 0 0
0 0 1
1 888246 0
16 0 0
0 0 1
1 760029 0
17 0 0
0 0 1
1 644366 0
18 0 0
0 0 1
1 554966 0
19 0 0
0 0 1
1 485670 0
20 0 0
0 0 1
1 423154 0
21 0 0
0 0 1
1 371176 0
22 0 0
0 0 1
1 337759 0
23 0 0
0 0 1
1 314526 0
24 0 0
0 0 1
1 290694 0
25 0 0
0 0 1
1 272931 0
26 0 0
0 0 1
1 271551 0
27 0 0
0 0 1
1 280617 0
28 0 0
0 0 1
1 289783 0
29 0 0
0 0 1
1 302801 0
30 0 0
0 0 1
1 327038 0
-1 0 0
