91
1 0 0
0 0 1
1 1.40333e+07 0
2 0 0
0 0 1
1 1.22835e+07 0
3 0 0
0 0 1
1 1.01369e+07 0
4 0 0
0 0 1
1 8.00493e+06 0
5 0 0
0 0 1
1 6.21717e+06 0
6 0 0
0 0 1
1 4.86205e+06 0
7 0 0
0 0 1
1 3.86139e+06 0
8 0 0
0 0 1
1 3.12399e+06 0
9 0 0
0 0 1
1 2.59212e+06 0
10 0 0
0 0 1
1 2.20702e+06 0
11 0 0
0 0 1
1 1.90731e+06 0
12 0 0
0 0 1
1 1.65989e+06 0
13 0 0
0 0 1
1 1.45681e+06 0
14 0 0
0 0 1
1 1.28682e+06 0
15 0 0
0 0 1
1 1.13504e+06 0
16 0 0
0 0 1
1 1.00155e+06 0
17 0 0
0 0 1
1 894846 0
18 0 0
0 0 1
1 810857 0
19 0 0
0 0 1
1 737013 0
20 0 0
0 0 1
1 671665 0
21 0 0
0 0 1
1 621466 0
22 0 0
0 0 1
1 584194 0
23 0 0
0 0 1
1 550728 0
24 0 0
0 0 1
1 520454 0
25 0 0
0 0 1
1 499713 0
26 0 0
0 0 1
1 487937 0
27 0 0
0 0 1
1 479030 0
28 0 0
0 0 1
1 473974 0
29 0 0
0 0 1
1 479562 0
30 0 0
0 0 1
1 496620 0
-1 0 0
