91
1 0 0
0 0 1
1 7.70729e+06 0
2 0 0
0 0 1
1 6.32548e+06 0
3 0 0
0 0 1
1 4.97131e+06 0
4 0 0
0 0 1
1 3.85506e+06 0
5 0 0
0 0 1
1 3.01981e+06 0
6 0 0
0 0 1
1 2.41422e+06 0
7 0 0
0 0 1
1 1.97623e+06 0
8 0 0
0 0 1
1 1.65951e+06 0
9 0 0
0 0 1
1 1.42616e+06 0
10 0 0
0 0 1
1 1.24537e+06 0
11 0 0
0 0 1
1 1.09858e+06 0
12 0 0
0 0 1
1 976487 0
13 0 0
0 0 1
1 872246 0
14 0 0
0 0 1
1 780935 0
15 0 0
0 0 1
1 701612 0
16 0 0
0 0 1
1 634877 0
17 0 0
0 0 1
1 579446 0
18 0 0
0 0 1
1 533172 0
19 0 0
0 0 1
1 495175 0
20 0 0
0 0 1
1 464571 0
21 0 0
0 0 1
1 438884 0
22 0 0
0 0 1
1 415964 0
23 0 0
0 0 1
1 396307 0
24 0 0
0 0 1
1 381695 0
25 0 0
0 0 1
1 372370 0
26 0 0
0 0 1
1 366938 0
27 0 0
0 0 1
1 364411 0
28 0 0
0 0 1
1 365234 0
29 0 0
0 0 1
1 370548 0
30 0 0
0 0 1
1 380934 0
-1 0 0
