91
1 0 0
0 0 1
1 7.12018e+06 0
2 0 0
0 0 1
1 6.34492e+06 0
3 0 0
0 0 1
1 5.55648e+06 0
4 0 0
0 0 1
1 4.79775e+06 0
5 0 0
0 0 1
1 4.10882e+06 0
6 0 0
0 0 1
1 3.49696e+06 0
7 0 0
0 0 1
1 2.94797e+06 0
8 0 0
0 0 1
1 2.46029e+06 0
9 0 0
0 0 1
1 2.04539e+06 0
10 0 0
0 0 1
1 1.70398e+06 0
11 0 0
0 0 1
1 1.42354e+06 0
12 0 0
0 0 1
1 1.19486e+06 0
13 0 0
0 0 1
1 1.01395e+06 0
14 0 0
0 0 1
1 871099 0
15 0 0
0 0 1
1 753028 0
16 0 0
0 0 1
1 654487 0
17 0 0
0 0 1
1 576338 0
18 0 0
0 0 1
1 514549 0
19 0 0
0 0 1
1 461478 0
20 0 0
0 0 1
1 415638 0
21 0 0
0 0 1
1 380237 0
22 0 0
0 0 1
1 353763 0
23 0 0
0 0 1
1 331016 0
24 0 0
0 0 1
1 312031 0
25 0 0
0 0 1
1 301419 0
26 0 0
0 0 1
1 299584 0
27 0 0
0 0 1
1 301952 0
28 0 0
0 0 1
1 306198 0
29 0 0
0 0 1
1 313492 0
30 0 0
0 0 1
1 323073 0
-1 0 0
