91
1 0 0
0 0 1
1 6.34694e+06 0
2 0 0
0 0 1
1 5.43861e+06 0
3 0 0
0 0 1
1 4.5608e+06 0
4 0 0
0 0 1
1 3.79862e+06 0
5 0 0
0 0 1
1 3.16875e+06 0
6 0 0
0 0 1
1 2.6545e+06 0
7 0 0
0 0 1
1 2.23529e+06 0
8 0 0
0 0 1
1 1.89489e+06 0
9 0 0
0 0 1
1 1.61794e+06 0
10 0 0
0 0 1
1 1.38861e+06 0
11 0 0
0 0 1
1 1.19472e+06 0
12 0 0
0 0 1
1 1.03058e+06 0
13 0 0
0 0 1
1 893699 0
14 0 0
0 0 1
1 779859 0
15 0 0
0 0 1
1 683619 0
16 0 0
0 0 1
1 602113 0
17 0 0
0 0 1
1 535262 0
18 0 0
0 0 1
1 482093 0
19 0 0
0 0 1
1 439375 0
20 0 0
0 0 1
1 404212 0
21 0 0
0 0 1
1 375616 0
22 0 0
0 0 1
1 352863 0
23 0 0
0 0 1
1 334404 0
24 0 0
0 0 1
1 319539 0
25 0 0
0 0 1
1 309702 0
26 0 0
0 0 1
1 306876 0
27 0 0
0 0 1
1 311252 0
28 0 0
0 0 1
1 320701 0
29 0 0
0 0 1
1 331722 0
30 0 0
0 0 1
1 340844 0
-1 0 0
