91
1 0 0
0 0 1
1 6.14772e+06 0
2 0 0
0 0 1
1 5.65251e+06 0
3 0 0
0 0 1
1 5.33805e+06 0
4 0 0
0 0 1
1 5.05939e+06 0
5 0 0
0 0 1
1 4.69706e+06 0
6 0 0
0 0 1
1 4.22187e+06 0
7 0 0
0 0 1
1 3.66045e+06 0
8 0 0
0 0 1
1 3.07176e+06 0
9 0 0
0 0 1
1 2.53403e+06 0
10 0 0
0 0 1
1 2.1004e+06 0
11 0 0
0 0 1
1 1.76554e+06 0
12 0 0
0 0 1
1 1.49533e+06 0
13 0 0
0 0 1
1 1.27383e+06 0
14 0 0
0 0 1
1 1.10083e+06 0
15 0 0
0 0 1
1 964002 0
16 0 0
0 0 1
1 844017 0
17 0 0
0 0 1
1 738298 0
18 0 0
0 0 1
1 655122 0
19 0 0
0 0 1
1 590512 0
20 0 0
0 0 1
1 531674 0
21 0 0
0 0 1
1 477432 0
22 0 0
0 0 1
1 435841 0
23 0 0
0 0 1
1 405752 0
24 0 0
0 0 1
1 378219 0
25 0 0
0 0 1
1 353008 0
26 0 0
0 0 1
1 337822 0
27 0 0
0 0 1
1 333247 0
28 0 0
0 0 1
1 332425 0
29 0 0
0 0 1
1 333805 0
30 0 0
0 0 1
1 341538 0
-1 0 0
