91
1 0 0
0 0 1
1 8.44686e+06 0
2 0 0
0 0 1
1 7.04449e+06 0
3 0 0
0 0 1
1 5.64103e+06 0
4 0 0
0 0 1
1 4.43706e+06 0
5 0 0
0 0 1
1 3.49315e+06 0
6 0 0
0 0 1
1 2.77229e+06 0
7 0 0
0 0 1
1 2.21872e+06 0
8 0 0
0 0 1
1 1.79531e+06 0
9 0 0
0 0 1
1 1.47485e+06 0
10 0 0
0 0 1
1 1.22893e+06 0
11 0 0
0 0 1
1 1.0341e+06 0
12 0 0
0 0 1
1 877939 0
13 0 0
0 0 1
1 753047 0
14 0 0
0 0 1
1 650711 0
15 0 0
0 0 1
1 563664 0
16 0 0
0 0 1
1 489758 0
17 0 0
0 0 1
1 428877 0
18 0 0
0 0 1
1 379103 0
19 0 0
0 0 1
1 338315 0
20 0 0
0 0 1
1 306324 0
21 0 0
0 0 1
1 282509 0
22 0 0
0 0 1
1 263649 0
23 0 0
0 0 1
1 246673 0
24 0 0
0 0 1
1 231923 0
25 0 0
0 0 1
1 221646 0
26 0 0
0 0 1
1 216767 0
27 0 0
0 0 1
1 216955 0
28 0 0
0 0 1
1 222350 0
29 0 0
0 0 1
1 233251 0
30 0 0
0 0 1
1 248910 0
-1 0 0
