91
1 0 0
0 0 1
1 7.07706e+06 0
2 0 0
0 0 1
1 6.55196e+06 0
3 0 0
0 0 1
1 6.08942e+06 0
4 0 0
0 0 1
1 5.58832e+06 0
5 0 0
0 0 1
1 4.98903e+06 0
6 0 0
0 0 1
1 4.31825e+06 0
7 0 0
0 0 1
1 3.6451e+06 0
8 0 0
0 0 1
1 3.02992e+06 0
9 0 0
0 0 1
1 2.50503e+06 0
10 0 0
0 0 1
1 2.07568e+06 0
11 0 0
0 0 1
1 1.72936e+06 0
12 0 0
0 0 1
1 1.4504e+06 0
13 0 0
0 0 1
1 1.22798e+06 0
14 0 0
0 0 1
1 1.05211e+06 0
15 0 0
0 0 1
1 909902 0
16 0 0
0 0 1
1 791442 0
17 0 0
0 0 1
1 693969 0
18 0 0
0 0 1
1 616099 0
19 0 0
0 0 1
1 552486 0
20 0 0
0 0 1
1 497997 0
21 0 0
0 0 1
1 452279 0
22 0 0
0 0 1
1 415865 0
23 0 0
0 0 1
1 385803 0
24 0 0
0 0 1
1 359282 0
25 0 0
0 0 1
1 338186 0
26 0 0
0 0 1
1 326065 0
27 0 0
0 0 1
1 322958 0
28 0 0
0 0 1
1 326135 0
29 0 0
0 0 1
1 333524 0
30 0 0
0 0 1
1 343708 0
-1 0 0
