91
1 0 0
0 0 1
1 6.77677e+06 0
2 0 0
0 0 1
1 5.80381e+06 0
3 0 0
0 0 1
1 4.84081e+06 0
4 0 0
0 0 1
1 3.9875e+06 0
5 0 0
0 0 1
1 3.25807e+06 0
6 0 0
0 0 1
1 2.64948e+06 0
7 0 0
0 0 1
1 2.16242e+06 0
8 0 0
0 0 1
1 1.78067e+06 0
9 0 0
0 0 1
1 1.47496e+06 0
10 0 0
0 0 1
1 1.22762e+06 0
11 0 0
0 0 1
1 1.03313e+06 0
12 0 0
0 0 1
1 880364 0
13 0 0
0 0 1
1 753833 0
14 0 0
0 0 1
1 648435 0
15 0 0
0 0 1
1 566583 0
16 0 0
0 0 1
1 503671 0
17 0 0
0 0 1
1 449794 0
18 0 0
0 0 1
1 402656 0
19 0 0
0 0 1
1 366242 0
20 0 0
0 0 1
1 338981 0
21 0 0
0 0 1
1 314382 0
22 0 0
0 0 1
1 291554 0
23 0 0
0 0 1
1 275000 0
24 0 0
0 0 1
1 265227 0
25 0 0
0 0 1
1 258482 0
26 0 0
0 0 1
1 254859 0
27 0 0
0 0 1
1 258572 0
28 0 0
0 0 1
1 270463 0
29 0 0
0 0 1
1 286629 0
30 0 0
0 0 1
1 303544 0
-1 0 0
