91
1 0 0
0 0 1
1 6.47606e+06 0
2 0 0
0 0 1
1 5.81068e+06 0
3 0 0
0 0 1
1 5.09611e+06 0
4 0 0
0 0 1
1 4.39488e+06 0
5 0 0
0 0 1
1 3.74866e+06 0
6 0 0
0 0 1
1 3.18008e+06 0
7 0 0
0 0 1
1 2.69594e+06 0
8 0 0
0 0 1
1 2.29187e+06 0
9 0 0
0 0 1
1 1.95751e+06 0
10 0 0
0 0 1
1 1.6811e+06 0
11 0 0
0 0 1
1 1.45238e+06 0
12 0 0
0 0 1
1 1.26325e+06 0
13 0 0
0 0 1
1 1.10692e+06 0
14 0 0
0 0 1
1 977041 0
15 0 0
0 0 1
1 868311 0
16 0 0
0 0 1
1 777212 0
17 0 0
0 0 1
1 701269 0
18 0 0
0 0 1
1 637679 0
19 0 0
0 0 1
1 583368 0
20 0 0
0 0 1
1 536371 0
21 0 0
0 0 1
1 496278 0
22 0 0
0 0 1
1 462945 0
23 0 0
0 0 1
1 435381 0
24 0 0
0 0 1
1 412379 0
25 0 0
0 0 1
1 393691 0
26 0 0
0 0 1
1 379934 0
27 0 0
0 0 1
1 371495 0
28 0 0
0 0 1
1 368018 0
29 0 0
0 0 1
1 368682 0
30 0 0
0 0 1
1 372254 0
-1 0 0
