91
1 0 0
0 0 1
1 5.81973e+06 0
2 0 0
0 0 1
1 4.98036e+06 0
3 0 0
0 0 1
1 4.16556e+06 0
4 0 0
0 0 1
1 3.45353e+06 0
5 0 0
0 0 1
1 2.8611e+06 0
6 0 0
0 0 1
1 2.37431e+06 0
7 0 0
0 0 1
1 1.97644e+06 0
8 0 0
0 0 1
1 1.65369e+06 0
9 0 0
0 0 1
1 1.39148e+06 0
10 0 0
0 0 1
1 1.17598e+06 0
11 0 0
0 0 1
1 997885 0
12 0 0
0 0 1
1 851332 0
13 0 0
0 0 1
1 730800 0
14 0 0
0 0 1
1 631060 0
15 0 0
0 0 1
1 548337 0
16 0 0
0 0 1
1 479750 0
17 0 0
0 0 1
1 422816 0
18 0 0
0 0 1
1 376219 0
19 0 0
0 0 1
1 339211 0
20 0 0
0 0 1
1 309470 0
21 0 0
0 0 1
1 283588 0
22 0 0
0 0 1
1 260577 0
23 0 0
0 0 1
1 242676 0
24 0 0
0 0 1
1 231582 0
25 0 0
0 0 1
1 226013 0
26 0 0
0 0 1
1 224272 0
27 0 0
0 0 1
1 226734 0
28 0 0
0 0 1
1 233713 0
29 0 0
0 0 1
1 242721 0
30 0 0
0 0 1
1 250272 0
-1 0 0
