91
1 0 0
0 0 1
1 5.61051e+06 0
2 0 0
0 0 1
1 4.8539e+06 0
3 0 0
0 0 1
1 4.01825e+06 0
4 0 0
0 0 1
1 3.24016e+06 0
5 0 0
0 0 1
1 2.60933e+06 0
6 0 0
0 0 1
1 2.1316e+06 0
7 0 0
0 0 1
1 1.76731e+06 0
8 0 0
0 0 1
1 1.4849e+06 0
9 0 0
0 0 1
1 1.26972e+06 0
10 0 0
0 0 1
1 1.10516e+06 0
11 0 0
0 0 1
1 970641 0
12 0 0
0 0 1
1 855072 0
13 0 0
0 0 1
1 757305 0
14 0 0
0 0 1
1 674904 0
15 0 0
0 0 1
1 602517 0
16 0 0
0 0 1
1 538976 0
17 0 0
0 0 1
1 486407 0
18 0 0
0 0 1
1 443116 0
19 0 0
0 0 1
1 404588 0
20 0 0
0 0 1
1 370223 0
21 0 0
0 0 1
1 342607 0
22 0 0
0 0 1
1 321545 0
23 0 0
0 0 1
1 304744 0
24 0 0
0 0 1
1 292618 0
25 0 0
0 0 1
1 286360 0
26 0 0
0 0 1
1 282797 0
27 0 0
0 0 1
1 277342 0
28 0 0
0 0 1
1 271142 0
29 0 0
0 0 1
1 269516 0
30 0 0
0 0 1
1 273855 0
-1 0 0
