91
1 0 0
0 0 1
1 7.24083e+06 0
2 0 0
0 0 1
1 6.45901e+06 0
3 0 0
0 0 1
1 5.67999e+06 0
4 0 0
0 0 1
1 4.94802e+06 0
5 0 0
0 0 1
1 4.27408e+06 0
6 0 0
0 0 1
1 3.66527e+06 0
7 0 0
0 0 1
1 3.12588e+06 0
8 0 0
0 0 1
1 2.65021e+06 0
9 0 0
0 0 1
1 2.23086e+06 0
10 0 0
0 0 1
1 1.86893e+06 0
11 0 0
0 0 1
1 1.56742e+06 0
12 0 0
0 0 1
1 1.32054e+06 0
13 0 0
0 0 1
1 1.11746e+06 0
14 0 0
0 0 1
1 951726 0
15 0 0
0 0 1
1 819525 0
16 0 0
0 0 1
1 713100 0
17 0 0
0 0 1
1 623514 0
18 0 0
0 0 1
1 547806 0
19 0 0
0 0 1
1 487043 0
20 0 0
0 0 1
1 439087 0
21 0 0
0 0 1
1 398859 0
22 0 0
0 0 1
1 364207 0
23 0 0
0 0 1
1 336274 0
24 0 0
0 0 1
1 315047 0
25 0 0
0 0 1
1 299175 0
26 0 0
0 0 1
1 289373 0
27 0 0
0 0 1
1 287720 0
28 0 0
0 0 1
1 293799 0
29 0 0
0 0 1
1 304782 0
30 0 0
0 0 1
1 318561 0
-1 0 0
