91
1 0 0
0 0 1
1 8.68624e+06 0
2 0 0
0 0 1
1 7.40218e+06 0
3 0 0
0 0 1
1 5.91672e+06 0
4 0 0
0 0 1
1 4.56187e+06 0
5 0 0
0 0 1
1 3.5131e+06 0
6 0 0
0 0 1
1 2.75909e+06 0
7 0 0
0 0 1
1 2.21707e+06 0
8 0 0
0 0 1
1 1.82526e+06 0
9 0 0
0 0 1
1 1.54367e+06 0
10 0 0
0 0 1
1 1.33288e+06 0
11 0 0
0 0 1
1 1.1633e+06 0
12 0 0
0 0 1
1 1.02451e+06 0
13 0 0
0 0 1
1 910845 0
14 0 0
0 0 1
1 811299 0
15 0 0
0 0 1
1 720235 0
16 0 0
0 0 1
1 643071 0
17 0 0
0 0 1
1 583253 0
18 0 0
0 0 1
1 534305 0
19 0 0
0 0 1
1 490029 0
20 0 0
0 0 1
1 452195 0
21 0 0
0 0 1
1 423092 0
22 0 0
0 0 1
1 399712 0
23 0 0
0 0 1
1 379866 0
24 0 0
0 0 1
1 365939 0
25 0 0
0 0 1
1 358564 0
26 0 0
0 0 1
1 353904 0
27 0 0
0 0 1
1 350402 0
28 0 0
0 0 1
1 351140 0
29 0 0
0 0 1
1 356759 0
30 0 0
0 0 1
1 363107 0
-1 0 0
