91
1 0 0
0 0 1
1 1.26394e+07 0
2 0 0
0 0 1
1 1.09629e+07 0
3 0 0
0 0 1
1 9.15716e+06 0
4 0 0
0 0 1
1 7.44378e+06 0
5 0 0
0 0 1
1 5.98123e+06 0
6 0 0
0 0 1
1 4.81138e+06 0
7 0 0
0 0 1
1 3.90208e+06 0
8 0 0
0 0 1
1 3.21035e+06 0
9 0 0
0 0 1
1 2.69428e+06 0
10 0 0
0 0 1
1 2.3026e+06 0
11 0 0
0 0 1
1 1.98923e+06 0
12 0 0
0 0 1
1 1.73272e+06 0
13 0 0
0 0 1
1 1.52634e+06 0
14 0 0
0 0 1
1 1.35844e+06 0
15 0 0
0 0 1
1 1.21486e+06 0
16 0 0
0 0 1
1 1.09041e+06 0
17 0 0
0 0 1
1 985170 0
18 0 0
0 0 1
1 895440 0
19 0 0
0 0 1
1 817660 0
20 0 0
0 0 1
1 754037 0
21 0 0
0 0 1
1 705942 0
22 0 0
0 0 1
1 668149 0
23 0 0
0 0 1
1 636723 0
24 0 0
0 0 1
1 615827 0
25 0 0
0 0 1
1 609658 0
26 0 0
0 0 1
1 613931 0
27 0 0
0 0 1
1 621702 0
28 0 0
0 0 1
1 631318 0
29 0 0
0 0 1
1 642522 0
30 0 0
0 0 1
1 651146 0
-1 0 0
