91
1 0 0
0 0 1
1 1.58703e+07 0
2 0 0
0 0 1
1 1.35514e+07 0
3 0 0
0 0 1
1 1.13403e+07 0
4 0 0
0 0 1
1 9.41023e+06 0
5 0 0
0 0 1
1 7.76916e+06 0
6 0 0
0 0 1
1 6.41474e+06 0
7 0 0
0 0 1
1 5.32753e+06 0
8 0 0
0 0 1
1 4.44527e+06 0
9 0 0
0 0 1
1 3.70991e+06 0
10 0 0
0 0 1
1 3.1029e+06 0
11 0 0
0 0 1
1 2.61324e+06 0
12 0 0
0 0 1
1 2.21069e+06 0
13 0 0
0 0 1
1 1.87058e+06 0
14 0 0
0 0 1
1 1.59276e+06 0
15 0 0
0 0 1
1 1.37691e+06 0
16 0 0
0 0 1
1 1.20394e+06 0
17 0 0
0 0 1
1 1.05652e+06 0
18 0 0
0 0 1
1 935221 0
19 0 0
0 0 1
1 840950 0
20 0 0
0 0 1
1 761567 0
21 0 0
0 0 1
1 688582 0
22 0 0
0 0 1
1 628977 0
23 0 0
0 0 1
1 588193 0
24 0 0
0 0 1
1 557120 0
25 0 0
0 0 1
1 527168 0
26 0 0
0 0 1
1 503905 0
27 0 0
0 0 1
1 494950 0
28 0 0
0 0 1
1 497112 0
29 0 0
0 0 1
1 506017 0
30 0 0
0 0 1
1 527086 0
-1 0 0
