91
1 0 0
0 0 1
1 6.44694e+06 0
2 0 0
0 0 1
1 5.74932e+06 0
3 0 0
0 0 1
1 4.94356e+06 0
4 0 0
0 0 1
1 4.12596e+06 0
5 0 0
0 0 1
1 3.38754e+06 0
6 0 0
0 0 1
1 2.77852e+06 0
7 0 0
0 0 1
1 2.29936e+06 0
8 0 0
0 0 1
1 1.92598e+06 0
9 0 0
0 0 1
1 1.63522e+06 0
10 0 0
0 0 1
1 1.40884e+06 0
11 0 0
0 0 1
1 1.22929e+06 0
12 0 0
0 0 1
1 1.08205e+06 0
13 0 0
0 0 1
1 958631 0
14 0 0
0 0 1
1 853745 0
15 0 0
0 0 1
1 762765 0
16 0 0
0 0 1
1 683603 0
17 0 0
0 0 1
1 616747 0
18 0 0
0 0 1
1 561231 0
19 0 0
0 0 1
1 513789 0
20 0 0
0 0 1
1 472991 0
21 0 0
0 0 1
1 440285 0
22 0 0
0 0 1
1 415522 0
23 0 0
0 0 1
1 395223 0
24 0 0
0 0 1
1 376881 0
25 0 0
0 0 1
1 361541 0
26 0 0
0 0 1
1 350440 0
27 0 0
0 0 1
1 342381 0
28 0 0
0 0 1
1 336288 0
29 0 0
0 0 1
1 333501 0
30 0 0
0 0 1
1 335524 0
-1 0 0
