91
1 0 0
0 0 1
1 7.53026e+06 0
2 0 0
0 0 1
1 6.37028e+06 0
3 0 0
0 0 1
1 5.25306e+06 0
4 0 0
0 0 1
1 4.27805e+06 0
5 0 0
0 0 1
1 3.48047e+06 0
6 0 0
0 0 1
1 2.84805e+06 0
7 0 0
0 0 1
1 2.35046e+06 0
8 0 0
0 0 1
1 1.95889e+06 0
9 0 0
0 0 1
1 1.64875e+06 0
10 0 0
0 0 1
1 1.39811e+06 0
11 0 0
0 0 1
1 1.19095e+06 0
12 0 0
0 0 1
1 1.0194e+06 0
13 0 0
0 0 1
1 879186 0
14 0 0
0 0 1
1 764676 0
15 0 0
0 0 1
1 669925 0
16 0 0
0 0 1
1 591813 0
17 0 0
0 0 1
1 528910 0
18 0 0
0 0 1
1 478503 0
19 0 0
0 0 1
1 437011 0
20 0 0
0 0 1
1 402240 0
21 0 0
0 0 1
1 373218 0
22 0 0
0 0 1
1 348753 0
23 0 0
0 0 1
1 327917 0
24 0 0
0 0 1
1 311211 0
25 0 0
0 0 1
1 299705 0
26 0 0
0 0 1
1 293783 0
27 0 0
0 0 1
1 293935 0
28 0 0
0 0 1
1 301607 0
29 0 0
0 0 1
1 317425 0
30 0 0
0 0 1
1 338983 0
-1 0 0
