91
1 0 0
0 0 1
1 1.72994e+07 0
2 0 0
0 0 1
1 1.52686e+07 0
3 0 0
0 0 1
1 1.29035e+07 0
4 0 0
0 0 1
1 1.04488e+07 0
5 0 0
0 0 1
1 8.21846e+06 0
6 0 0
0 0 1
1 6.44482e+06 0
7 0 0
0 0 1
1 5.14897e+06 0
8 0 0
0 0 1
1 4.20687e+06 0
9 0 0
0 0 1
1 3.50174e+06 0
10 0 0
0 0 1
1 2.97412e+06 0
11 0 0
0 0 1
1 2.57699e+06 0
12 0 0
0 0 1
1 2.25803e+06 0
13 0 0
0 0 1
1 1.9872e+06 0
14 0 0
0 0 1
1 1.7596e+06 0
15 0 0
0 0 1
1 1.56779e+06 0
16 0 0
0 0 1
1 1.39773e+06 0
17 0 0
0 0 1
1 1.24827e+06 0
18 0 0
0 0 1
1 1.12842e+06 0
19 0 0
0 0 1
1 1.03541e+06 0
20 0 0
0 0 1
1 955498 0
21 0 0
0 0 1
1 884521 0
22 0 0
0 0 1
1 828745 0
23 0 0
0 0 1
1 787241 0
24 0 0
0 0 1
1 751286 0
25 0 0
0 0 1
1 720223 0
26 0 0
0 0 1
1 701486 0
27 0 0
0 0 1
1 695015 0
28 0 0
0 0 1
1 692473 0
29 0 0
0 0 1
1 692465 0
30 0 0
0 0 1
1 703259 0
-1 0 0
