91
1 0 0
0 0 1
1 1.39369e+07 0
2 0 0
0 0 1
1 1.27122e+07 0
3 0 0
0 0 1
1 1.13407e+07 0
4 0 0
0 0 1
1 9.87505e+06 0
5 0 0
0 0 1
1 8.43693e+06 0
6 0 0
0 0 1
1 7.127e+06 0
7 0 0
0 0 1
1 5.98273e+06 0
8 0 0
0 0 1
1 5.00981e+06 0
9 0 0
0 0 1
1 4.20749e+06 0
10 0 0
0 0 1
1 3.55971e+06 0
11 0 0
0 0 1
1 3.03383e+06 0
12 0 0
0 0 1
1 2.60075e+06 0
13 0 0
0 0 1
1 2.24399e+06 0
14 0 0
0 0 1
1 1.94942e+06 0
15 0 0
0 0 1
1 1.70138e+06 0
16 0 0
0 0 1
1 1.49089e+06 0
17 0 0
0 0 1
1 1.31583e+06 0
18 0 0
0 0 1
1 1.17112e+06 0
19 0 0
0 0 1
1 1.04794e+06 0
20 0 0
0 0 1
1 942637 0
21 0 0
0 0 1
1 856838 0
22 0 0
0 0 1
1 788532 0
23 0 0
0 0 1
1 731174 0
24 0 0
0 0 1
1 682131 0
25 0 0
0 0 1
1 644546 0
26 0 0
0 0 1
1 620458 0
27 0 0
0 0 1
1 608634 0
28 0 0
0 0 1
1 609034 0
29 0 0
0 0 1
1 622599 0
30 0 0
0 0 1
1 645743 0
-1 0 0
