91
1 0 0
0 0 1
1 8.57281e+06 0
2 0 0
0 0 1
1 7.49263e+06 0
3 0 0
0 0 1
1 6.38567e+06 0
4 0 0
0 0 1
1 5.34826e+06 0
5 0 0
0 0 1
1 4.42798e+06 0
6 0 0
0 0 1
1 3.64417e+06 0
7 0 0
0 0 1
1 2.99515e+06 0
8 0 0
0 0 1
1 2.46204e+06 0
9 0 0
0 0 1
1 2.02377e+06 0
10 0 0
0 0 1
1 1.66898e+06 0
11 0 0
0 0 1
1 1.38953e+06 0
12 0 0
0 0 1
1 1.17016e+06 0
13 0 0
0 0 1
1 993132 0
14 0 0
0 0 1
1 848744 0
15 0 0
0 0 1
1 733634 0
16 0 0
0 0 1
1 642095 0
17 0 0
0 0 1
1 566141 0
18 0 0
0 0 1
1 501917 0
19 0 0
0 0 1
1 449563 0
20 0 0
0 0 1
1 407690 0
21 0 0
0 0 1
1 372918 0
22 0 0
0 0 1
1 343841 0
23 0 0
0 0 1
1 320953 0
24 0 0
0 0 1
1 303363 0
25 0 0
0 0 1
1 289445 0
26 0 0
0 0 1
1 280224 0
27 0 0
0 0 1
1 278893 0
28 0 0
0 0 1
1 287283 0
29 0 0
0 0 1
1 304819 0
30 0 0
0 0 1
1 329429 0
-1 0 0
