91
1 0 0
0 0 1
1 6.90128e+06 0
2 0 0
0 0 1
1 6.03911e+06 0
3 0 0
0 0 1
1 5.25016e+06 0
4 0 0
0 0 1
1 4.61965e+06 0
5 0 0
0 0 1
1 4.10036e+06 0
6 0 0
0 0 1
1 3.62378e+06 0
7 0 0
0 0 1
1 3.17099e+06 0
8 0 0
0 0 1
1 2.75003e+06 0
9 0 0
0 0 1
1 2.36335e+06 0
10 0 0
0 0 1
1 2.01452e+06 0
11 0 0
0 0 1
1 1.71476e+06 0
12 0 0
0 0 1
1 1.46658e+06 0
13 0 0
0 0 1
1 1.25809e+06 0
14 0 0
0 0 1
1 1.08046e+06 0
15 0 0
0 0 1
1 935165 0
16 0 0
0 0 1
1 819544 0
17 0 0
0 0 1
1 721657 0
18 0 0
0 0 1
1 634707 0
19 0 0
0 0 1
1 562716 0
20 0 0
0 0 1
1 507210 0
21 0 0
0 0 1
1 460873 0
22 0 0
0 0 1
1 418756 0
23 0 0
0 0 1
1 384098 0
24 0 0
0 0 1
1 358665 0
25 0 0
0 0 1
1 337972 0
26 0 0
0 0 1
1 320475 0
27 0 0
0 0 1
1 311763 0
28 0 0
0 0 1
1 315057 0
29 0 0
0 0 1
1 325562 0
30 0 0
0 0 1
1 337613 0
-1 0 0
