91
1 0 0
0 0 1
1 1.33631e+07 0
2 0 0
0 0 1
1 1.19174e+07 0
3 0 0
0 0 1
1 1.02727e+07 0
4 0 0
0 0 1
1 8.60077e+06 0
5 0 0
0 0 1
1 7.10033e+06 0
6 0 0
0 0 1
1 5.8329e+06 0
7 0 0
0 0 1
1 4.76186e+06 0
8 0 0
0 0 1
1 3.87335e+06 0
9 0 0
0 0 1
1 3.17897e+06 0
10 0 0
0 0 1
1 2.64919e+06 0
11 0 0
0 0 1
1 2.22402e+06 0
12 0 0
0 0 1
1 1.87454e+06 0
13 0 0
0 0 1
1 1.60181e+06 0
14 0 0
0 0 1
1 1.39079e+06 0
15 0 0
0 0 1
1 1.21228e+06 0
16 0 0
0 0 1
1 1.05946e+06 0
17 0 0
0 0 1
1 942560 0
18 0 0
0 0 1
1 854101 0
19 0 0
0 0 1
1 773036 0
20 0 0
0 0 1
1 696773 0
21 0 0
0 0 1
1 638820 0
22 0 0
0 0 1
1 599573 0
23 0 0
0 0 1
1 566263 0
24 0 0
0 0 1
1 537738 0
25 0 0
0 0 1
1 524729 0
26 0 0
0 0 1
1 528209 0
27 0 0
0 0 1
1 538827 0
28 0 0
0 0 1
1 554973 0
29 0 0
0 0 1
1 581770 0
30 0 0
0 0 1
1 614344 0
-1 0 0
