91
1 0 0
0 0 1
1 7.04566e+06 0
2 0 0
0 0 1
1 5.944e+06 0
3 0 0
0 0 1
1 4.87404e+06 0
4 0 0
0 0 1
1 3.92918e+06 0
5 0 0
0 0 1
1 3.16613e+06 0
6 0 0
0 0 1
1 2.58275e+06 0
7 0 0
0 0 1
1 2.13387e+06 0
8 0 0
0 0 1
1 1.7797e+06 0
9 0 0
0 0 1
1 1.50227e+06 0
10 0 0
0 0 1
1 1.28431e+06 0
11 0 0
0 0 1
1 1.10251e+06 0
12 0 0
0 0 1
1 945410 0
13 0 0
0 0 1
1 816426 0
14 0 0
0 0 1
1 714558 0
15 0 0
0 0 1
1 628650 0
16 0 0
0 0 1
1 552921 0
17 0 0
0 0 1
1 491684 0
18 0 0
0 0 1
1 445060 0
19 0 0
0 0 1
1 404480 0
20 0 0
0 0 1
1 366133 0
21 0 0
0 0 1
1 335627 0
22 0 0
0 0 1
1 315164 0
23 0 0
0 0 1
1 298111 0
24 0 0
0 0 1
1 280647 0
25 0 0
0 0 1
1 267752 0
26 0 0
0 0 1
1 262984 0
27 0 0
0 0 1
1 262448 0
28 0 0
0 0 1
1 263871 0
29 0 0
0 0 1
1 272393 0
30 0 0
0 0 1
1 291671 0
-1 0 0
