91
1 0 0
0 0 1
1 1.11277e+07 0
2 0 0
0 0 1
1 9.99899e+06 0
3 0 0
0 0 1
1 8.78224e+06 0
4 0 0
0 0 1
1 7.59815e+06 0
5 0 0
0 0 1
1 6.51223e+06 0
6 0 0
0 0 1
1 5.53812e+06 0
7 0 0
0 0 1
1 4.6925e+06 0
8 0 0
0 0 1
1 3.99097e+06 0
9 0 0
0 0 1
1 3.4156e+06 0
10 0 0
0 0 1
1 2.93213e+06 0
11 0 0
0 0 1
1 2.52664e+06 0
12 0 0
0 0 1
1 2.19606e+06 0
13 0 0
0 0 1
1 1.91929e+06 0
14 0 0
0 0 1
1 1.66901e+06 0
15 0 0
0 0 1
1 1.44162e+06 0
16 0 0
0 0 1
1 1.24954e+06 0
17 0 0
0 0 1
1 1.09207e+06 0
18 0 0
0 0 1
1 956386 0
19 0 0
0 0 1
1 839790 0
20 0 0
0 0 1
1 748282 0
21 0 0
0 0 1
1 677841 0
22 0 0
0 0 1
1 616882 0
23 0 0
0 0 1
1 564437 0
24 0 0
0 0 1
1 528647 0
25 0 0
0 0 1
1 509349 0
26 0 0
0 0 1
1 497647 0
27 0 0
0 0 1
1 491405 0
28 0 0
0 0 1
1 497084 0
29 0 0
0 0 1
1 516153 0
30 0 0
0 0 1
1 540721 0
-1 0 0
