91
1 0 0
0 0 1
1 8.20073e+06 0
2 0 0
0 0 1
1 7.39954e+06 0
3 0 0
0 0 1
1 6.62637e+06 0
4 0 0
0 0 1
1 5.9138e+06 0
5 0 0
0 0 1
1 5.22068e+06 0
6 0 0
0 0 1
1 4.5113e+06 0
7 0 0
0 0 1
1 3.81504e+06 0
8 0 0
0 0 1
1 3.1911e+06 0
9 0 0
0 0 1
1 2.66437e+06 0
10 0 0
0 0 1
1 2.2216e+06 0
11 0 0
0 0 1
1 1.84917e+06 0
12 0 0
0 0 1
1 1.54458e+06 0
13 0 0
0 0 1
1 1.30009e+06 0
14 0 0
0 0 1
1 1.10082e+06 0
15 0 0
0 0 1
1 938346 0
16 0 0
0 0 1
1 810208 0
17 0 0
0 0 1
1 708435 0
18 0 0
0 0 1
1 622051 0
19 0 0
0 0 1
1 548457 0
20 0 0
0 0 1
1 490506 0
21 0 0
0 0 1
1 444956 0
22 0 0
0 0 1
1 404676 0
23 0 0
0 0 1
1 369636 0
24 0 0
0 0 1
1 344932 0
25 0 0
0 0 1
1 329599 0
26 0 0
0 0 1
1 317465 0
27 0 0
0 0 1
1 308272 0
28 0 0
0 0 1
1 308671 0
29 0 0
0 0 1
1 321856 0
30 0 0
0 0 1
1 343321 0
-1 0 0
