91
1 0 0
0 0 1
1 7.0592e+06 0
2 0 0
0 0 1
1 6.17735e+06 0
3 0 0
0 0 1
1 5.18873e+06 0
4 0 0
0 0 1
1 4.25848e+06 0
5 0 0
0 0 1
1 3.46684e+06 0
6 0 0
0 0 1
1 2.81058e+06 0
7 0 0
0 0 1
1 2.27374e+06 0
8 0 0
0 0 1
1 1.85066e+06 0
9 0 0
0 0 1
1 1.52327e+06 0
10 0 0
0 0 1
1 1.26201e+06 0
11 0 0
0 0 1
1 1.04994e+06 0
12 0 0
0 0 1
1 883223 0
13 0 0
0 0 1
1 752595 0
14 0 0
0 0 1
1 644304 0
15 0 0
0 0 1
1 554630 0
16 0 0
0 0 1
1 486221 0
17 0 0
0 0 1
1 433401 0
18 0 0
0 0 1
1 385563 0
19 0 0
0 0 1
1 341565 0
20 0 0
0 0 1
1 307497 0
21 0 0
0 0 1
1 283112 0
22 0 0
0 0 1
1 262293 0
23 0 0
0 0 1
1 244168 0
24 0 0
0 0 1
1 232599 0
25 0 0
0 0 1
1 226660 0
26 0 0
0 0 1
1 221806 0
27 0 0
0 0 1
1 219128 0
28 0 0
0 0 1
1 224431 0
29 0 0
0 0 1
1 238877 0
30 0 0
0 0 1
1 257771 0
-1 0 0
