91
1 0 0
0 0 1
1 2.64919e+06 0
2 0 0
0 0 1
1 2.2515e+06 0
3 0 0
0 0 1
1 1.79256e+06 0
4 0 0
0 0 1
1 1.38174e+06 0
5 0 0
0 0 1
1 1.064e+06 0
6 0 0
0 0 1
1 828338 0
7 0 0
0 0 1
1 652042 0
8 0 0
0 0 1
1 523398 0
9 0 0
0 0 1
1 433501 0
10 0 0
0 0 1
1 368490 0
11 0 0
0 0 1
1 316571 0
12 0 0
0 0 1
1 273807 0
13 0 0
0 0 1
1 239035 0
14 0 0
0 0 1
1 209080 0
15 0 0
0 0 1
1 181752 0
16 0 0
0 0 1
1 158427 0
17 0 0
0 0 1
1 140489 0
18 0 0
0 0 1
1 126376 0
19 0 0
0 0 1
1 114013 0
20 0 0
0 0 1
1 103235 0
21 0 0
0 0 1
1 94253 0
22 0 0
0 0 1
1 86393 0
23 0 0
0 0 1
1 79640 0
24 0 0
0 0 1
1 75012 0
25 0 0
0 0 1
1 72283 0
26 0 0
0 0 1
1 69666 0
27 0 0
0 0 1
1 66725 0
28 0 0
0 0 1
1 65345 0
29 0 0
0 0 1
1 66840 0
30 0 0
0 0 1
1 70255 0
-1 0 0
