91
1 0 0
0 0 1
1 6.5439e+06 0
2 0 0
0 0 1
1 5.40902e+06 0
3 0 0
0 0 1
1 4.3201e+06 0
4 0 0
0 0 1
1 3.38485e+06 0
5 0 0
0 0 1
1 2.64444e+06 0
6 0 0
0 0 1
1 2.09552e+06 0
7 0 0
0 0 1
1 1.70037e+06 0
8 0 0
0 0 1
1 1.40742e+06 0
9 0 0
0 0 1
1 1.17961e+06 0
10 0 0
0 0 1
1 1.0007e+06 0
11 0 0
0 0 1
1 859083 0
12 0 0
0 0 1
1 740110 0
13 0 0
0 0 1
1 635606 0
14 0 0
0 0 1
1 547271 0
15 0 0
0 0 1
1 475461 0
16 0 0
0 0 1
1 413664 0
17 0 0
0 0 1
1 357537 0
18 0 0
0 0 1
1 310387 0
19 0 0
0 0 1
1 274966 0
20 0 0
0 0 1
1 247142 0
21 0 0
0 0 1
1 222375 0
22 0 0
0 0 1
1 202231 0
23 0 0
0 0 1
1 189569 0
24 0 0
0 0 1
1 182177 0
25 0 0
0 0 1
1 175922 0
26 0 0
0 0 1
1 170480 0
27 0 0
0 0 1
1 167880 0
28 0 0
0 0 1
1 168484 0
29 0 0
0 0 1
1 171893 0
30 0 0
0 0 1
1 179109 0
-1 0 0
