91
1 0 0
0 0 1
1 6.98551e+06 0
2 0 0
0 0 1
1 6.2339e+06 0
3 0 0
0 0 1
1 5.42957e+06 0
4 0 0
0 0 1
1 4.64533e+06 0
5 0 0
0 0 1
1 3.92944e+06 0
6 0 0
0 0 1
1 3.30352e+06 0
7 0 0
0 0 1
1 2.76752e+06 0
8 0 0
0 0 1
1 2.31264e+06 0
9 0 0
0 0 1
1 1.93237e+06 0
10 0 0
0 0 1
1 1.62212e+06 0
11 0 0
0 0 1
1 1.37318e+06 0
12 0 0
0 0 1
1 1.17283e+06 0
13 0 0
0 0 1
1 1.01005e+06 0
14 0 0
0 0 1
1 877427 0
15 0 0
0 0 1
1 768474 0
16 0 0
0 0 1
1 677075 0
17 0 0
0 0 1
1 599842 0
18 0 0
0 0 1
1 535660 0
19 0 0
0 0 1
1 482439 0
20 0 0
0 0 1
1 436889 0
21 0 0
0 0 1
1 397506 0
22 0 0
0 0 1
1 364980 0
23 0 0
0 0 1
1 339256 0
24 0 0
0 0 1
1 318829 0
25 0 0
0 0 1
1 303496 0
26 0 0
0 0 1
1 295178 0
27 0 0
0 0 1
1 294788 0
28 0 0
0 0 1
1 300096 0
29 0 0
0 0 1
1 307637 0
30 0 0
0 0 1
1 315203 0
-1 0 0
