91
1 0 0
0 0 1
1 6.96952e+06 0
2 0 0
0 0 1
1 5.97584e+06 0
3 0 0
0 0 1
1 4.89703e+06 0
4 0 0
0 0 1
1 3.90244e+06 0
5 0 0
0 0 1
1 3.10408e+06 0
6 0 0
0 0 1
1 2.5116e+06 0
7 0 0
0 0 1
1 2.07456e+06 0
8 0 0
0 0 1
1 1.74702e+06 0
9 0 0
0 0 1
1 1.50422e+06 0
10 0 0
0 0 1
1 1.32342e+06 0
11 0 0
0 0 1
1 1.17876e+06 0
12 0 0
0 0 1
1 1.05516e+06 0
13 0 0
0 0 1
1 950936 0
14 0 0
0 0 1
1 864792 0
15 0 0
0 0 1
1 790338 0
16 0 0
0 0 1
1 723806 0
17 0 0
0 0 1
1 667022 0
18 0 0
0 0 1
1 620623 0
19 0 0
0 0 1
1 581377 0
20 0 0
0 0 1
1 547454 0
21 0 0
0 0 1
1 520059 0
22 0 0
0 0 1
1 498779 0
23 0 0
0 0 1
1 480887 0
24 0 0
0 0 1
1 466229 0
25 0 0
0 0 1
1 457665 0
26 0 0
0 0 1
1 455661 0
27 0 0
0 0 1
1 457149 0
28 0 0
0 0 1
1 460655 0
29 0 0
0 0 1
1 467951 0
30 0 0
0 0 1
1 479346 0
-1 0 0
