91
1 0 0
0 0 1
1 5.99715e+06 0
2 0 0
0 0 1
1 5.35528e+06 0
3 0 0
0 0 1
1 4.69726e+06 0
4 0 0
0 0 1
1 4.04911e+06 0
5 0 0
0 0 1
1 3.44167e+06 0
6 0 0
0 0 1
1 2.89933e+06 0
7 0 0
0 0 1
1 2.42986e+06 0
8 0 0
0 0 1
1 2.02988e+06 0
9 0 0
0 0 1
1 1.69494e+06 0
10 0 0
0 0 1
1 1.4206e+06 0
11 0 0
0 0 1
1 1.19878e+06 0
12 0 0
0 0 1
1 1.01898e+06 0
13 0 0
0 0 1
1 872681 0
14 0 0
0 0 1
1 753817 0
15 0 0
0 0 1
1 656616 0
16 0 0
0 0 1
1 576044 0
17 0 0
0 0 1
1 509653 0
18 0 0
0 0 1
1 456255 0
19 0 0
0 0 1
1 413117 0
20 0 0
0 0 1
1 376534 0
21 0 0
0 0 1
1 344836 0
22 0 0
0 0 1
1 318851 0
23 0 0
0 0 1
1 299458 0
24 0 0
0 0 1
1 286228 0
25 0 0
0 0 1
1 278373 0
26 0 0
0 0 1
1 275560 0
27 0 0
0 0 1
1 277589 0
28 0 0
0 0 1
1 284121 0
29 0 0
0 0 1
1 294473 0
30 0 0
0 0 1
1 306671 0
-1 0 0
