91
1 0 0
0 0 1
1 6.17101e+06 0
2 0 0
0 0 1
1 5.74888e+06 0
3 0 0
0 0 1
1 5.44984e+06 0
4 0 0
0 0 1
1 5.13921e+06 0
5 0 0
0 0 1
1 4.73644e+06 0
6 0 0
0 0 1
1 4.21971e+06 0
7 0 0
0 0 1
1 3.62383e+06 0
8 0 0
0 0 1
1 3.03455e+06 0
9 0 0
0 0 1
1 2.53123e+06 0
10 0 0
0 0 1
1 2.12843e+06 0
11 0 0
0 0 1
1 1.79489e+06 0
12 0 0
0 0 1
1 1.5121e+06 0
13 0 0
0 0 1
1 1.28304e+06 0
14 0 0
0 0 1
1 1.10015e+06 0
15 0 0
0 0 1
1 943168 0
16 0 0
0 0 1
1 806197 0
17 0 0
0 0 1
1 697635 0
18 0 0
0 0 1
1 614869 0
19 0 0
0 0 1
1 543258 0
20 0 0
0 0 1
1 478612 0
21 0 0
0 0 1
1 428754 0
22 0 0
0 0 1
1 393394 0
23 0 0
0 0 1
1 362050 0
24 0 0
0 0 1
1 332154 0
25 0 0
0 0 1
1 311952 0
26 0 0
0 0 1
1 304507 0
27 0 0
0 0 1
1 303378 0
28 0 0
0 0 1
1 304552 0
29 0 0
0 0 1
1 309894 0
30 0 0
0 0 1
1 318745 0
-1 0 0
