91
1 0 0
0 0 1
1 6.39871e+06 0
2 0 0
0 0 1
1 5.6199e+06 0
3 0 0
0 0 1
1 4.78042e+06 0
4 0 0
0 0 1
1 3.97752e+06 0
5 0 0
0 0 1
1 3.27073e+06 0
6 0 0
0 0 1
1 2.67938e+06 0
7 0 0
0 0 1
1 2.19589e+06 0
8 0 0
0 0 1
1 1.80445e+06 0
9 0 0
0 0 1
1 1.49175e+06 0
10 0 0
0 0 1
1 1.24625e+06 0
11 0 0
0 0 1
1 1.05465e+06 0
12 0 0
0 0 1
1 903276 0
13 0 0
0 0 1
1 781699 0
14 0 0
0 0 1
1 682964 0
15 0 0
0 0 1
1 601361 0
16 0 0
0 0 1
1 532169 0
17 0 0
0 0 1
1 473124 0
18 0 0
0 0 1
1 423907 0
19 0 0
0 0 1
1 383693 0
20 0 0
0 0 1
1 350467 0
21 0 0
0 0 1
1 322803 0
22 0 0
0 0 1
1 300791 0
23 0 0
0 0 1
1 284657 0
24 0 0
0 0 1
1 273689 0
25 0 0
0 0 1
1 267181 0
26 0 0
0 0 1
1 265311 0
27 0 0
0 0 1
1 268038 0
28 0 0
0 0 1
1 273791 0
29 0 0
0 0 1
1 280339 0
30 0 0
0 0 1
1 286731 0
-1 0 0
