91
1 0 0
0 0 1
1 7.58115e+06 0
2 0 0
0 0 1
1 6.3125e+06 0
3 0 0
0 0 1
1 5.08518e+06 0
4 0 0
0 0 1
1 3.99725e+06 0
5 0 0
0 0 1
1 3.10659e+06 0
6 0 0
0 0 1
1 2.44241e+06 0
7 0 0
0 0 1
1 1.97474e+06 0
8 0 0
0 0 1
1 1.6367e+06 0
9 0 0
0 0 1
1 1.38137e+06 0
10 0 0
0 0 1
1 1.19137e+06 0
11 0 0
0 0 1
1 1.04735e+06 0
12 0 0
0 0 1
1 923075 0
13 0 0
0 0 1
1 809616 0
14 0 0
0 0 1
1 715521 0
15 0 0
0 0 1
1 641465 0
16 0 0
0 0 1
1 575837 0
17 0 0
0 0 1
1 514865 0
18 0 0
0 0 1
1 466339 0
19 0 0
0 0 1
1 431560 0
20 0 0
0 0 1
1 401125 0
21 0 0
0 0 1
1 370705 0
22 0 0
0 0 1
1 345705 0
23 0 0
0 0 1
1 328061 0
24 0 0
0 0 1
1 312151 0
25 0 0
0 0 1
1 296265 0
26 0 0
0 0 1
1 286062 0
27 0 0
0 0 1
1 284169 0
28 0 0
0 0 1
1 286650 0
29 0 0
0 0 1
1 291478 0
30 0 0
0 0 1
1 301014 0
-1 0 0
