91
1 0 0
0 0 1
1 1.37665e+07 0
2 0 0
0 0 1
1 1.22953e+07 0
3 0 0
0 0 1
1 1.0918e+07 0
4 0 0
0 0 1
1 9.75576e+06 0
5 0 0
0 0 1
1 8.76319e+06 0
6 0 0
0 0 1
1 7.87069e+06 0
7 0 0
0 0 1
1 7.02953e+06 0
8 0 0
0 0 1
1 6.20738e+06 0
9 0 0
0 0 1
1 5.40139e+06 0
10 0 0
0 0 1
1 4.63989e+06 0
11 0 0
0 0 1
1 3.94977e+06 0
12 0 0
0 0 1
1 3.33693e+06 0
13 0 0
0 0 1
1 2.8042e+06 0
14 0 0
0 0 1
1 2.36264e+06 0
15 0 0
0 0 1
1 2.01199e+06 0
16 0 0
0 0 1
1 1.73044e+06 0
17 0 0
0 0 1
1 1.49639e+06 0
18 0 0
0 0 1
1 1.30459e+06 0
19 0 0
0 0 1
1 1.1521e+06 0
20 0 0
0 0 1
1 1.0257e+06 0
21 0 0
0 0 1
1 914844 0
22 0 0
0 0 1
1 822855 0
23 0 0
0 0 1
1 754130 0
24 0 0
0 0 1
1 701841 0
25 0 0
0 0 1
1 657730 0
26 0 0
0 0 1
1 623448 0
27 0 0
0 0 1
1 603180 0
28 0 0
0 0 1
1 594251 0
29 0 0
0 0 1
1 592959 0
30 0 0
0 0 1
1 601051 0
-1 0 0
