91
1 0 0
0 0 1
1 9.3448e+06 0
2 0 0
0 0 1
1 7.60788e+06 0
3 0 0
0 0 1
1 5.86192e+06 0
4 0 0
0 0 1
1 4.39823e+06 0
5 0 0
0 0 1
1 3.29571e+06 0
6 0 0
0 0 1
1 2.51326e+06 0
7 0 0
0 0 1
1 1.97719e+06 0
8 0 0
0 0 1
1 1.61007e+06 0
9 0 0
0 0 1
1 1.34447e+06 0
10 0 0
0 0 1
1 1.14004e+06 0
11 0 0
0 0 1
1 980144 0
12 0 0
0 0 1
1 851466 0
13 0 0
0 0 1
1 738824 0
14 0 0
0 0 1
1 636952 0
15 0 0
0 0 1
1 550840 0
16 0 0
0 0 1
1 481584 0
17 0 0
0 0 1
1 422683 0
18 0 0
0 0 1
1 370804 0
19 0 0
0 0 1
1 329018 0
20 0 0
0 0 1
1 297555 0
21 0 0
0 0 1
1 271002 0
22 0 0
0 0 1
1 246818 0
23 0 0
0 0 1
1 228311 0
24 0 0
0 0 1
1 217009 0
25 0 0
0 0 1
1 209406 0
26 0 0
0 0 1
1 203392 0
27 0 0
0 0 1
1 201391 0
28 0 0
0 0 1
1 205112 0
29 0 0
0 0 1
1 212958 0
30 0 0
0 0 1
1 224396 0
-1 0 0
