91
1 0 0
0 0 1
1 7.4486e+06 0
2 0 0
0 0 1
1 6.33821e+06 0
3 0 0
0 0 1
1 5.25565e+06 0
4 0 0
0 0 1
1 4.26052e+06 0
5 0 0
0 0 1
1 3.40512e+06 0
6 0 0
0 0 1
1 2.73975e+06 0
7 0 0
0 0 1
1 2.26179e+06 0
8 0 0
0 0 1
1 1.91304e+06 0
9 0 0
0 0 1
1 1.6395e+06 0
10 0 0
0 0 1
1 1.42445e+06 0
11 0 0
0 0 1
1 1.2608e+06 0
12 0 0
0 0 1
1 1.12706e+06 0
13 0 0
0 0 1
1 1.00553e+06 0
14 0 0
0 0 1
1 899127 0
15 0 0
0 0 1
1 814166 0
16 0 0
0 0 1
1 743290 0
17 0 0
0 0 1
1 677572 0
18 0 0
0 0 1
1 620368 0
19 0 0
0 0 1
1 577053 0
20 0 0
0 0 1
1 542851 0
21 0 0
0 0 1
1 511351 0
22 0 0
0 0 1
1 484862 0
23 0 0
0 0 1
1 467056 0
24 0 0
0 0 1
1 454449 0
25 0 0
0 0 1
1 443419 0
26 0 0
0 0 1
1 437151 0
27 0 0
0 0 1
1 438076 0
28 0 0
0 0 1
1 441585 0
29 0 0
0 0 1
1 444342 0
30 0 0
0 0 1
1 450750 0
-1 0 0
