91
1 0 0
0 0 1
1 8.80896e+06 0
2 0 0
0 0 1
1 7.77563e+06 0
3 0 0
0 0 1
1 6.62265e+06 0
4 0 0
0 0 1
1 5.49188e+06 0
5 0 0
0 0 1
1 4.44298e+06 0
6 0 0
0 0 1
1 3.51718e+06 0
7 0 0
0 0 1
1 2.76584e+06 0
8 0 0
0 0 1
1 2.20522e+06 0
9 0 0
0 0 1
1 1.79319e+06 0
10 0 0
0 0 1
1 1.47551e+06 0
11 0 0
0 0 1
1 1.22868e+06 0
12 0 0
0 0 1
1 1.04406e+06 0
13 0 0
0 0 1
1 900640 0
14 0 0
0 0 1
1 776554 0
15 0 0
0 0 1
1 669150 0
16 0 0
0 0 1
1 583734 0
17 0 0
0 0 1
1 514539 0
18 0 0
0 0 1
1 451967 0
19 0 0
0 0 1
1 397400 0
20 0 0
0 0 1
1 356296 0
21 0 0
0 0 1
1 325018 0
22 0 0
0 0 1
1 296758 0
23 0 0
0 0 1
1 273020 0
24 0 0
0 0 1
1 258235 0
25 0 0
0 0 1
1 249520 0
26 0 0
0 0 1
1 241765 0
27 0 0
0 0 1
1 237199 0
28 0 0
0 0 1
1 240951 0
29 0 0
0 0 1
1 251976 0
30 0 0
0 0 1
1 265807 0
-1 0 0
