91
1 0 0
0 0 1
1 1.14785e+07 0
2 0 0
0 0 1
1 1.04262e+07 0
3 0 0
0 0 1
1 9.36245e+06 0
4 0 0
0 0 1
1 8.23286e+06 0
5 0 0
0 0 1
1 7.06151e+06 0
6 0 0
0 0 1
1 5.92273e+06 0
7 0 0
0 0 1
1 4.89449e+06 0
8 0 0
0 0 1
1 4.02501e+06 0
9 0 0
0 0 1
1 3.31347e+06 0
10 0 0
0 0 1
1 2.72542e+06 0
11 0 0
0 0 1
1 2.23444e+06 0
12 0 0
0 0 1
1 1.83763e+06 0
13 0 0
0 0 1
1 1.53041e+06 0
14 0 0
0 0 1
1 1.28992e+06 0
15 0 0
0 0 1
1 1.09383e+06 0
16 0 0
0 0 1
1 936691 0
17 0 0
0 0 1
1 816553 0
18 0 0
0 0 1
1 721288 0
19 0 0
0 0 1
1 639444 0
20 0 0
0 0 1
1 571474 0
21 0 0
0 0 1
1 519967 0
22 0 0
0 0 1
1 480029 0
23 0 0
0 0 1
1 447929 0
24 0 0
0 0 1
1 428088 0
25 0 0
0 0 1
1 422719 0
26 0 0
0 0 1
1 424254 0
27 0 0
0 0 1
1 426088 0
28 0 0
0 0 1
1 432106 0
29 0 0
0 0 1
1 448144 0
30 0 0
0 0 1
1 471518 0
-1 0 0
