91
1 0 0
0 0 1
1 2.96962e+06 0
2 0 0
0 0 1
1 2.49943e+06 0
3 0 0
0 0 1
1 2.03913e+06 0
4 0 0
0 0 1
1 1.64652e+06 0
5 0 0
0 0 1
1 1.33439e+06 0
6 0 0
0 0 1
1 1.09091e+06 0
7 0 0
0 0 1
1 902895 0
8 0 0
0 0 1
1 760279 0
9 0 0
0 0 1
1 651803 0
10 0 0
0 0 1
1 566327 0
11 0 0
0 0 1
1 496818 0
12 0 0
0 0 1
1 439571 0
13 0 0
0 0 1
1 391412 0
14 0 0
0 0 1
1 349967 0
15 0 0
0 0 1
1 314635 0
16 0 0
0 0 1
1 285022 0
17 0 0
0 0 1
1 259623 0
18 0 0
0 0 1
1 237346 0
19 0 0
0 0 1
1 218676 0
20 0 0
0 0 1
1 203949 0
21 0 0
0 0 1
1 191980 0
22 0 0
0 0 1
1 181645 0
23 0 0
0 0 1
1 173287 0
24 0 0
0 0 1
1 167292 0
25 0 0
0 0 1
1 162750 0
26 0 0
0 0 1
1 158983 0
27 0 0
0 0 1
1 157080 0
28 0 0
0 0 1
1 158369 0
29 0 0
0 0 1
1 162275 0
30 0 0
0 0 1
1 167068 0
-1 0 0
