91
1 0 0
0 0 1
1 1.15457e+07 0
2 0 0
0 0 1
1 1.03724e+07 0
3 0 0
0 0 1
1 9.07105e+06 0
4 0 0
0 0 1
1 7.75496e+06 0
5 0 0
0 0 1
1 6.53109e+06 0
6 0 0
0 0 1
1 5.4504e+06 0
7 0 0
0 0 1
1 4.52721e+06 0
8 0 0
0 0 1
1 3.76454e+06 0
9 0 0
0 0 1
1 3.15074e+06 0
10 0 0
0 0 1
1 2.65878e+06 0
11 0 0
0 0 1
1 2.26259e+06 0
12 0 0
0 0 1
1 1.94382e+06 0
13 0 0
0 0 1
1 1.68361e+06 0
14 0 0
0 0 1
1 1.46373e+06 0
15 0 0
0 0 1
1 1.27756e+06 0
16 0 0
0 0 1
1 1.12707e+06 0
17 0 0
0 0 1
1 1.00758e+06 0
18 0 0
0 0 1
1 907271 0
19 0 0
0 0 1
1 821177 0
20 0 0
0 0 1
1 752940 0
21 0 0
0 0 1
1 701319 0
22 0 0
0 0 1
1 656983 0
23 0 0
0 0 1
1 615304 0
24 0 0
0 0 1
1 581887 0
25 0 0
0 0 1
1 561997 0
26 0 0
0 0 1
1 552962 0
27 0 0
0 0 1
1 550223 0
28 0 0
0 0 1
1 553592 0
29 0 0
0 0 1
1 563972 0
30 0 0
0 0 1
1 578991 0
-1 0 0
