91
1 0 0
0 0 1
1 1.42166e+07 0
2 0 0
0 0 1
1 1.22197e+07 0
3 0 0
0 0 1
1 1.01633e+07 0
4 0 0
0 0 1
1 8.28425e+06 0
5 0 0
0 0 1
1 6.76488e+06 0
6 0 0
0 0 1
1 5.6109e+06 0
7 0 0
0 0 1
1 4.70405e+06 0
8 0 0
0 0 1
1 3.95531e+06 0
9 0 0
0 0 1
1 3.3442e+06 0
10 0 0
0 0 1
1 2.84684e+06 0
11 0 0
0 0 1
1 2.41442e+06 0
12 0 0
0 0 1
1 2.02601e+06 0
13 0 0
0 0 1
1 1.69981e+06 0
14 0 0
0 0 1
1 1.44221e+06 0
15 0 0
0 0 1
1 1.23011e+06 0
16 0 0
0 0 1
1 1.04882e+06 0
17 0 0
0 0 1
1 906456 0
18 0 0
0 0 1
1 802953 0
19 0 0
0 0 1
1 718751 0
20 0 0
0 0 1
1 642655 0
21 0 0
0 0 1
1 582038 0
22 0 0
0 0 1
1 538394 0
23 0 0
0 0 1
1 498832 0
24 0 0
0 0 1
1 458929 0
25 0 0
0 0 1
1 430578 0
26 0 0
0 0 1
1 419780 0
27 0 0
0 0 1
1 417274 0
28 0 0
0 0 1
1 418265 0
29 0 0
0 0 1
1 432823 0
30 0 0
0 0 1
1 468805 0
-1 0 0
