91
1 0 0
0 0 1
1 1.25988e+07 0
2 0 0
0 0 1
1 1.07134e+07 0
3 0 0
0 0 1
1 8.93473e+06 0
4 0 0
0 0 1
1 7.38194e+06 0
5 0 0
0 0 1
1 6.06819e+06 0
6 0 0
0 0 1
1 4.98884e+06 0
7 0 0
0 0 1
1 4.12372e+06 0
8 0 0
0 0 1
1 3.42688e+06 0
9 0 0
0 0 1
1 2.85618e+06 0
10 0 0
0 0 1
1 2.39306e+06 0
11 0 0
0 0 1
1 2.02231e+06 0
12 0 0
0 0 1
1 1.71812e+06 0
13 0 0
0 0 1
1 1.46253e+06 0
14 0 0
0 0 1
1 1.25531e+06 0
15 0 0
0 0 1
1 1.09389e+06 0
16 0 0
0 0 1
1 961488 0
17 0 0
0 0 1
1 845059 0
18 0 0
0 0 1
1 747927 0
19 0 0
0 0 1
1 674388 0
20 0 0
0 0 1
1 616588 0
21 0 0
0 0 1
1 566237 0
22 0 0
0 0 1
1 525879 0
23 0 0
0 0 1
1 498754 0
24 0 0
0 0 1
1 479017 0
25 0 0
0 0 1
1 461505 0
26 0 0
0 0 1
1 451490 0
27 0 0
0 0 1
1 455788 0
28 0 0
0 0 1
1 471994 0
29 0 0
0 0 1
1 493812 0
30 0 0
0 0 1
1 519350 0
-1 0 0
