91
1 0 0
0 0 1
1 1.2246e+07 0
2 0 0
0 0 1
1 1.07791e+07 0
3 0 0
0 0 1
1 9.35294e+06 0
4 0 0
0 0 1
1 8.03677e+06 0
5 0 0
0 0 1
1 6.86104e+06 0
6 0 0
0 0 1
1 5.83725e+06 0
7 0 0
0 0 1
1 4.9543e+06 0
8 0 0
0 0 1
1 4.19138e+06 0
9 0 0
0 0 1
1 3.53941e+06 0
10 0 0
0 0 1
1 2.99835e+06 0
11 0 0
0 0 1
1 2.55814e+06 0
12 0 0
0 0 1
1 2.19668e+06 0
13 0 0
0 0 1
1 1.89554e+06 0
14 0 0
0 0 1
1 1.6466e+06 0
15 0 0
0 0 1
1 1.44353e+06 0
16 0 0
0 0 1
1 1.2765e+06 0
17 0 0
0 0 1
1 1.13651e+06 0
18 0 0
0 0 1
1 1.01799e+06 0
19 0 0
0 0 1
1 916480 0
20 0 0
0 0 1
1 828987 0
21 0 0
0 0 1
1 756218 0
22 0 0
0 0 1
1 699704 0
23 0 0
0 0 1
1 657276 0
24 0 0
0 0 1
1 625589 0
25 0 0
0 0 1
1 605490 0
26 0 0
0 0 1
1 599613 0
27 0 0
0 0 1
1 605496 0
28 0 0
0 0 1
1 615980 0
29 0 0
0 0 1
1 626034 0
30 0 0
0 0 1
1 634649 0
-1 0 0
