91
1 0 0
0 0 1
1 1.3268e+07 0
2 0 0
0 0 1
1 1.2203e+07 0
3 0 0
0 0 1
1 1.08148e+07 0
4 0 0
0 0 1
1 9.21408e+06 0
5 0 0
0 0 1
1 7.64866e+06 0
6 0 0
0 0 1
1 6.30928e+06 0
7 0 0
0 0 1
1 5.23398e+06 0
8 0 0
0 0 1
1 4.37765e+06 0
9 0 0
0 0 1
1 3.70042e+06 0
10 0 0
0 0 1
1 3.17204e+06 0
11 0 0
0 0 1
1 2.74943e+06 0
12 0 0
0 0 1
1 2.3941e+06 0
13 0 0
0 0 1
1 2.09485e+06 0
14 0 0
0 0 1
1 1.85128e+06 0
15 0 0
0 0 1
1 1.65004e+06 0
16 0 0
0 0 1
1 1.47391e+06 0
17 0 0
0 0 1
1 1.32049e+06 0
18 0 0
0 0 1
1 1.1948e+06 0
19 0 0
0 0 1
1 1.09241e+06 0
20 0 0
0 0 1
1 1.00316e+06 0
21 0 0
0 0 1
1 924643 0
22 0 0
0 0 1
1 860444 0
23 0 0
0 0 1
1 810166 0
24 0 0
0 0 1
1 770331 0
25 0 0
0 0 1
1 741232 0
26 0 0
0 0 1
1 725532 0
27 0 0
0 0 1
1 722785 0
28 0 0
0 0 1
1 729777 0
29 0 0
0 0 1
1 742633 0
30 0 0
0 0 1
1 755365 0
-1 0 0
