91
1 0 0
0 0 1
1 1.51902e+07 0
2 0 0
0 0 1
1 1.28156e+07 0
3 0 0
0 0 1
1 1.02631e+07 0
4 0 0
0 0 1
1 7.9821e+06 0
5 0 0
0 0 1
1 6.15486e+06 0
6 0 0
0 0 1
1 4.7874e+06 0
7 0 0
0 0 1
1 3.81188e+06 0
8 0 0
0 0 1
1 3.12564e+06 0
9 0 0
0 0 1
1 2.62435e+06 0
10 0 0
0 0 1
1 2.24235e+06 0
11 0 0
0 0 1
1 1.95088e+06 0
12 0 0
0 0 1
1 1.72301e+06 0
13 0 0
0 0 1
1 1.52677e+06 0
14 0 0
0 0 1
1 1.34931e+06 0
15 0 0
0 0 1
1 1.19832e+06 0
16 0 0
0 0 1
1 1.07526e+06 0
17 0 0
0 0 1
1 968292 0
18 0 0
0 0 1
1 872500 0
19 0 0
0 0 1
1 795233 0
20 0 0
0 0 1
1 737372 0
21 0 0
0 0 1
1 688119 0
22 0 0
0 0 1
1 642405 0
23 0 0
0 0 1
1 606817 0
24 0 0
0 0 1
1 584147 0
25 0 0
0 0 1
1 567032 0
26 0 0
0 0 1
1 551234 0
27 0 0
0 0 1
1 541835 0
28 0 0
0 0 1
1 542184 0
29 0 0
0 0 1
1 548636 0
30 0 0
0 0 1
1 559788 0
-1 0 0
