91
1 0 0
0 0 1
1 1.22262e+07 0
2 0 0
0 0 1
1 1.03631e+07 0
3 0 0
0 0 1
1 8.71076e+06 0
4 0 0
0 0 1
1 7.24287e+06 0
5 0 0
0 0 1
1 5.90803e+06 0
6 0 0
0 0 1
1 4.77534e+06 0
7 0 0
0 0 1
1 3.90912e+06 0
8 0 0
0 0 1
1 3.2649e+06 0
9 0 0
0 0 1
1 2.76124e+06 0
10 0 0
0 0 1
1 2.36469e+06 0
11 0 0
0 0 1
1 2.06162e+06 0
12 0 0
0 0 1
1 1.81496e+06 0
13 0 0
0 0 1
1 1.5948e+06 0
14 0 0
0 0 1
1 1.40844e+06 0
15 0 0
0 0 1
1 1.26596e+06 0
16 0 0
0 0 1
1 1.14923e+06 0
17 0 0
0 0 1
1 1.04037e+06 0
18 0 0
0 0 1
1 948653 0
19 0 0
0 0 1
1 884256 0
20 0 0
0 0 1
1 832850 0
21 0 0
0 0 1
1 779202 0
22 0 0
0 0 1
1 732249 0
23 0 0
0 0 1
1 705160 0
24 0 0
0 0 1
1 690822 0
25 0 0
0 0 1
1 676695 0
26 0 0
0 0 1
1 665895 0
27 0 0
0 0 1
1 665091 0
28 0 0
0 0 1
1 667190 0
29 0 0
0 0 1
1 663283 0
30 0 0
0 0 1
1 658773 0
-1 0 0
