91
1 0 0
0 0 1
1 1.27203e+07 0
2 0 0
0 0 1
1 1.13963e+07 0
3 0 0
0 0 1
1 1.02454e+07 0
4 0 0
0 0 1
1 9.19628e+06 0
5 0 0
0 0 1
1 8.14464e+06 0
6 0 0
0 0 1
1 7.06365e+06 0
7 0 0
0 0 1
1 5.99047e+06 0
8 0 0
0 0 1
1 4.98585e+06 0
9 0 0
0 0 1
1 4.10573e+06 0
10 0 0
0 0 1
1 3.37565e+06 0
11 0 0
0 0 1
1 2.78391e+06 0
12 0 0
0 0 1
1 2.30552e+06 0
13 0 0
0 0 1
1 1.92465e+06 0
14 0 0
0 0 1
1 1.628e+06 0
15 0 0
0 0 1
1 1.39296e+06 0
16 0 0
0 0 1
1 1.19732e+06 0
17 0 0
0 0 1
1 1.03317e+06 0
18 0 0
0 0 1
1 900427 0
19 0 0
0 0 1
1 794066 0
20 0 0
0 0 1
1 706055 0
21 0 0
0 0 1
1 632848 0
22 0 0
0 0 1
1 572814 0
23 0 0
0 0 1
1 522058 0
24 0 0
0 0 1
1 479108 0
25 0 0
0 0 1
1 447831 0
26 0 0
0 0 1
1 430349 0
27 0 0
0 0 1
1 422922 0
28 0 0
0 0 1
1 423137 0
29 0 0
0 0 1
1 434383 0
30 0 0
0 0 1
1 458496 0
-1 0 0
