91
1 0 0
0 0 1
1 4.83928e+06 0
2 0 0
0 0 1
1 4.17855e+06 0
3 0 0
0 0 1
1 3.45863e+06 0
4 0 0
0 0 1
1 2.80554e+06 0
5 0 0
0 0 1
1 2.24104e+06 0
6 0 0
0 0 1
1 1.75924e+06 0
7 0 0
0 0 1
1 1.37413e+06 0
8 0 0
0 0 1
1 1.0914e+06 0
9 0 0
0 0 1
1 885739 0
10 0 0
0 0 1
1 727644 0
11 0 0
0 0 1
1 607737 0
12 0 0
0 0 1
1 521967 0
13 0 0
0 0 1
1 455522 0
14 0 0
0 0 1
1 395508 0
15 0 0
0 0 1
1 343527 0
16 0 0
0 0 1
1 303689 0
17 0 0
0 0 1
1 270595 0
18 0 0
0 0 1
1 238630 0
19 0 0
0 0 1
1 211534 0
20 0 0
0 0 1
1 193320 0
21 0 0
0 0 1
1 179249 0
22 0 0
0 0 1
1 164150 0
23 0 0
0 0 1
1 151225 0
24 0 0
0 0 1
1 144828 0
25 0 0
0 0 1
1 141956 0
26 0 0
0 0 1
1 138150 0
27 0 0
0 0 1
1 135322 0
28 0 0
0 0 1
1 137066 0
29 0 0
0 0 1
1 141934 0
30 0 0
0 0 1
1 147227 0
-1 0 0
