91
1 0 0
0 0 1
1 7.58578e+06 0
2 0 0
0 0 1
1 6.46777e+06 0
3 0 0
0 0 1
1 5.25712e+06 0
4 0 0
0 0 1
1 4.18454e+06 0
5 0 0
0 0 1
1 3.3175e+06 0
6 0 0
0 0 1
1 2.63689e+06 0
7 0 0
0 0 1
1 2.11776e+06 0
8 0 0
0 0 1
1 1.73528e+06 0
9 0 0
0 0 1
1 1.45221e+06 0
10 0 0
0 0 1
1 1.23447e+06 0
11 0 0
0 0 1
1 1.0649e+06 0
12 0 0
0 0 1
1 932035 0
13 0 0
0 0 1
1 820972 0
14 0 0
0 0 1
1 722836 0
15 0 0
0 0 1
1 639564 0
16 0 0
0 0 1
1 572259 0
17 0 0
0 0 1
1 515048 0
18 0 0
0 0 1
1 464273 0
19 0 0
0 0 1
1 422881 0
20 0 0
0 0 1
1 391502 0
21 0 0
0 0 1
1 364737 0
22 0 0
0 0 1
1 339901 0
23 0 0
0 0 1
1 320532 0
24 0 0
0 0 1
1 308000 0
25 0 0
0 0 1
1 298062 0
26 0 0
0 0 1
1 288884 0
27 0 0
0 0 1
1 284477 0
28 0 0
0 0 1
1 286991 0
29 0 0
0 0 1
1 292921 0
30 0 0
0 0 1
1 299788 0
-1 0 0
