91
1 0 0
0 0 1
1 7.51476e+06 0
2 0 0
0 0 1
1 6.28762e+06 0
3 0 0
0 0 1
1 5.08431e+06 0
4 0 0
0 0 1
1 4.06614e+06 0
5 0 0
0 0 1
1 3.24687e+06 0
6 0 0
0 0 1
1 2.59035e+06 0
7 0 0
0 0 1
1 2.07675e+06 0
8 0 0
0 0 1
1 1.68761e+06 0
9 0 0
0 0 1
1 1.38747e+06 0
10 0 0
0 0 1
1 1.146e+06 0
11 0 0
0 0 1
1 954666 0
12 0 0
0 0 1
1 808807 0
13 0 0
0 0 1
1 693099 0
14 0 0
0 0 1
1 594976 0
15 0 0
0 0 1
1 515304 0
16 0 0
0 0 1
1 455634 0
17 0 0
0 0 1
1 408059 0
18 0 0
0 0 1
1 365582 0
19 0 0
0 0 1
1 330453 0
20 0 0
0 0 1
1 304793 0
21 0 0
0 0 1
1 283487 0
22 0 0
0 0 1
1 262884 0
23 0 0
0 0 1
1 246816 0
24 0 0
0 0 1
1 237916 0
25 0 0
0 0 1
1 231978 0
26 0 0
0 0 1
1 226600 0
27 0 0
0 0 1
1 226828 0
28 0 0
0 0 1
1 236445 0
29 0 0
0 0 1
1 251452 0
30 0 0
0 0 1
1 267582 0
-1 0 0
