91
1 0 0
0 0 1
1 6.29469e+06 0
2 0 0
0 0 1
1 5.52675e+06 0
3 0 0
0 0 1
1 4.73739e+06 0
4 0 0
0 0 1
1 3.97612e+06 0
5 0 0
0 0 1
1 3.28928e+06 0
6 0 0
0 0 1
1 2.70636e+06 0
7 0 0
0 0 1
1 2.23017e+06 0
8 0 0
0 0 1
1 1.84702e+06 0
9 0 0
0 0 1
1 1.54135e+06 0
10 0 0
0 0 1
1 1.29902e+06 0
11 0 0
0 0 1
1 1.10546e+06 0
12 0 0
0 0 1
1 948426 0
13 0 0
0 0 1
1 820662 0
14 0 0
0 0 1
1 716855 0
15 0 0
0 0 1
1 630639 0
16 0 0
0 0 1
1 557414 0
17 0 0
0 0 1
1 497085 0
18 0 0
0 0 1
1 450568 0
19 0 0
0 0 1
1 415260 0
20 0 0
0 0 1
1 386455 0
21 0 0
0 0 1
1 361370 0
22 0 0
0 0 1
1 339406 0
23 0 0
0 0 1
1 320343 0
24 0 0
0 0 1
1 304764 0
25 0 0
0 0 1
1 294590 0
26 0 0
0 0 1
1 290638 0
27 0 0
0 0 1
1 290976 0
28 0 0
0 0 1
1 293968 0
29 0 0
0 0 1
1 301276 0
30 0 0
0 0 1
1 314875 0
-1 0 0
