91
1 0 0
0 0 1
1 6.49207e+06 0
2 0 0
0 0 1
1 5.42351e+06 0
3 0 0
0 0 1
1 4.38568e+06 0
4 0 0
0 0 1
1 3.50367e+06 0
5 0 0
0 0 1
1 2.80399e+06 0
6 0 0
0 0 1
1 2.26823e+06 0
7 0 0
0 0 1
1 1.86851e+06 0
8 0 0
0 0 1
1 1.57117e+06 0
9 0 0
0 0 1
1 1.34234e+06 0
10 0 0
0 0 1
1 1.16071e+06 0
11 0 0
0 0 1
1 1.01666e+06 0
12 0 0
0 0 1
1 900140 0
13 0 0
0 0 1
1 799394 0
14 0 0
0 0 1
1 710005 0
15 0 0
0 0 1
1 634768 0
16 0 0
0 0 1
1 573684 0
17 0 0
0 0 1
1 521483 0
18 0 0
0 0 1
1 475102 0
19 0 0
0 0 1
1 436323 0
20 0 0
0 0 1
1 405890 0
21 0 0
0 0 1
1 380868 0
22 0 0
0 0 1
1 358935 0
23 0 0
0 0 1
1 340516 0
24 0 0
0 0 1
1 325758 0
25 0 0
0 0 1
1 313456 0
26 0 0
0 0 1
1 303695 0
27 0 0
0 0 1
1 298183 0
28 0 0
0 0 1
1 297593 0
29 0 0
0 0 1
1 301341 0
30 0 0
0 0 1
1 309531 0
-1 0 0
