91
1 0 0
0 0 1
1 5.86382e+06 0
2 0 0
0 0 1
1 5.22502e+06 0
3 0 0
0 0 1
1 4.53836e+06 0
4 0 0
0 0 1
1 3.87254e+06 0
5 0 0
0 0 1
1 3.27486e+06 0
6 0 0
0 0 1
1 2.76694e+06 0
7 0 0
0 0 1
1 2.3486e+06 0
8 0 0
0 0 1
1 2.00817e+06 0
9 0 0
0 0 1
1 1.73185e+06 0
10 0 0
0 0 1
1 1.50685e+06 0
11 0 0
0 0 1
1 1.32124e+06 0
12 0 0
0 0 1
1 1.16516e+06 0
13 0 0
0 0 1
1 1.03231e+06 0
14 0 0
0 0 1
1 919127 0
15 0 0
0 0 1
1 822696 0
16 0 0
0 0 1
1 740229 0
17 0 0
0 0 1
1 669575 0
18 0 0
0 0 1
1 608971 0
19 0 0
0 0 1
1 556564 0
20 0 0
0 0 1
1 511010 0
21 0 0
0 0 1
1 472081 0
22 0 0
0 0 1
1 439868 0
23 0 0
0 0 1
1 413690 0
24 0 0
0 0 1
1 392431 0
25 0 0
0 0 1
1 375430 0
26 0 0
0 0 1
1 362393 0
27 0 0
0 0 1
1 352903 0
28 0 0
0 0 1
1 346729 0
29 0 0
0 0 1
1 344052 0
30 0 0
0 0 1
1 344502 0
-1 0 0
