91
1 0 0
0 0 1
1 1.32482e+07 0
2 0 0
0 0 1
1 1.10907e+07 0
3 0 0
0 0 1
1 9.02434e+06 0
4 0 0
0 0 1
1 7.19142e+06 0
5 0 0
0 0 1
1 5.68933e+06 0
6 0 0
0 0 1
1 4.56046e+06 0
7 0 0
0 0 1
1 3.74705e+06 0
8 0 0
0 0 1
1 3.1436e+06 0
9 0 0
0 0 1
1 2.68432e+06 0
10 0 0
0 0 1
1 2.34376e+06 0
11 0 0
0 0 1
1 2.08566e+06 0
12 0 0
0 0 1
1 1.8651e+06 0
13 0 0
0 0 1
1 1.66778e+06 0
14 0 0
0 0 1
1 1.50416e+06 0
15 0 0
0 0 1
1 1.37076e+06 0
16 0 0
0 0 1
1 1.24976e+06 0
17 0 0
0 0 1
1 1.13916e+06 0
18 0 0
0 0 1
1 1.05141e+06 0
19 0 0
0 0 1
1 985375 0
20 0 0
0 0 1
1 926220 0
21 0 0
0 0 1
1 870341 0
22 0 0
0 0 1
1 826521 0
23 0 0
0 0 1
1 794678 0
24 0 0
0 0 1
1 765312 0
25 0 0
0 0 1
1 738757 0
26 0 0
0 0 1
1 725204 0
27 0 0
0 0 1
1 726005 0
28 0 0
0 0 1
1 732175 0
29 0 0
0 0 1
1 740824 0
30 0 0
0 0 1
1 757413 0
-1 0 0
