91
1 0 0
0 0 1
1 1.3624e+07 0
2 0 0
0 0 1
1 1.20292e+07 0
3 0 0
0 0 1
1 1.0361e+07 0
4 0 0
0 0 1
1 8.71805e+06 0
5 0 0
0 0 1
1 7.12484e+06 0
6 0 0
0 0 1
1 5.68083e+06 0
7 0 0
0 0 1
1 4.51892e+06 0
8 0 0
0 0 1
1 3.66793e+06 0
9 0 0
0 0 1
1 3.04131e+06 0
10 0 0
0 0 1
1 2.55158e+06 0
11 0 0
0 0 1
1 2.17164e+06 0
12 0 0
0 0 1
1 1.88813e+06 0
13 0 0
0 0 1
1 1.66319e+06 0
14 0 0
0 0 1
1 1.4655e+06 0
15 0 0
0 0 1
1 1.29597e+06 0
16 0 0
0 0 1
1 1.16051e+06 0
17 0 0
0 0 1
1 1.04665e+06 0
18 0 0
0 0 1
1 943605 0
19 0 0
0 0 1
1 858885 0
20 0 0
0 0 1
1 798043 0
21 0 0
0 0 1
1 749166 0
22 0 0
0 0 1
1 701898 0
23 0 0
0 0 1
1 663116 0
24 0 0
0 0 1
1 640211 0
25 0 0
0 0 1
1 625629 0
26 0 0
0 0 1
1 610936 0
27 0 0
0 0 1
1 601175 0
28 0 0
0 0 1
1 602443 0
29 0 0
0 0 1
1 608185 0
30 0 0
0 0 1
1 610075 0
-1 0 0
