91
1 0 0
0 0 1
1 7.88443e+06 0
2 0 0
0 0 1
1 6.90992e+06 0
3 0 0
0 0 1
1 5.99365e+06 0
4 0 0
0 0 1
1 5.17513e+06 0
5 0 0
0 0 1
1 4.4366e+06 0
6 0 0
0 0 1
1 3.78084e+06 0
7 0 0
0 0 1
1 3.21595e+06 0
8 0 0
0 0 1
1 2.72658e+06 0
9 0 0
0 0 1
1 2.29483e+06 0
10 0 0
0 0 1
1 1.92491e+06 0
11 0 0
0 0 1
1 1.62496e+06 0
12 0 0
0 0 1
1 1.38304e+06 0
13 0 0
0 0 1
1 1.17944e+06 0
14 0 0
0 0 1
1 1.00814e+06 0
15 0 0
0 0 1
1 870011 0
16 0 0
0 0 1
1 757150 0
17 0 0
0 0 1
1 659570 0
18 0 0
0 0 1
1 578022 0
19 0 0
0 0 1
1 516188 0
20 0 0
0 0 1
1 467420 0
21 0 0
0 0 1
1 421624 0
22 0 0
0 0 1
1 379124 0
23 0 0
0 0 1
1 346309 0
24 0 0
0 0 1
1 322658 0
25 0 0
0 0 1
1 302626 0
26 0 0
0 0 1
1 286167 0
27 0 0
0 0 1
1 277538 0
28 0 0
0 0 1
1 276692 0
29 0 0
0 0 1
1 280415 0
30 0 0
0 0 1
1 289155 0
-1 0 0
