91
1 0 0
0 0 1
1 5.69266e+06 0
2 0 0
0 0 1
1 5.06555e+06 0
3 0 0
0 0 1
1 4.49305e+06 0
4 0 0
0 0 1
1 3.99542e+06 0
5 0 0
0 0 1
1 3.55593e+06 0
6 0 0
0 0 1
1 3.15438e+06 0
7 0 0
0 0 1
1 2.77534e+06 0
8 0 0
0 0 1
1 2.4152e+06 0
9 0 0
0 0 1
1 2.08566e+06 0
10 0 0
0 0 1
1 1.80018e+06 0
11 0 0
0 0 1
1 1.5588e+06 0
12 0 0
0 0 1
1 1.35224e+06 0
13 0 0
0 0 1
1 1.17535e+06 0
14 0 0
0 0 1
1 1.02762e+06 0
15 0 0
0 0 1
1 904970 0
16 0 0
0 0 1
1 800289 0
17 0 0
0 0 1
1 710356 0
18 0 0
0 0 1
1 634929 0
19 0 0
0 0 1
1 570762 0
20 0 0
0 0 1
1 512955 0
21 0 0
0 0 1
1 460957 0
22 0 0
0 0 1
1 417546 0
23 0 0
0 0 1
1 382885 0
24 0 0
0 0 1
1 354549 0
25 0 0
0 0 1
1 332314 0
26 0 0
0 0 1
1 318014 0
27 0 0
0 0 1
1 311148 0
28 0 0
0 0 1
1 308645 0
29 0 0
0 0 1
1 308428 0
30 0 0
0 0 1
1 309722 0
-1 0 0
