91
1 0 0
0 0 1
1 1.25082e+07 0
2 0 0
0 0 1
1 1.11246e+07 0
3 0 0
0 0 1
1 9.705e+06 0
4 0 0
0 0 1
1 8.3427e+06 0
5 0 0
0 0 1
1 7.09149e+06 0
6 0 0
0 0 1
1 5.9752e+06 0
7 0 0
0 0 1
1 5.00624e+06 0
8 0 0
0 0 1
1 4.18876e+06 0
9 0 0
0 0 1
1 3.5134e+06 0
10 0 0
0 0 1
1 2.96181e+06 0
11 0 0
0 0 1
1 2.51573e+06 0
12 0 0
0 0 1
1 2.15709e+06 0
13 0 0
0 0 1
1 1.86493e+06 0
14 0 0
0 0 1
1 1.6213e+06 0
15 0 0
0 0 1
1 1.41828e+06 0
16 0 0
0 0 1
1 1.25317e+06 0
17 0 0
0 0 1
1 1.11909e+06 0
18 0 0
0 0 1
1 1.00676e+06 0
19 0 0
0 0 1
1 912812 0
20 0 0
0 0 1
1 838707 0
21 0 0
0 0 1
1 781976 0
22 0 0
0 0 1
1 735409 0
23 0 0
0 0 1
1 695078 0
24 0 0
0 0 1
1 663199 0
25 0 0
0 0 1
1 642366 0
26 0 0
0 0 1
1 632261 0
27 0 0
0 0 1
1 632609 0
28 0 0
0 0 1
1 643709 0
29 0 0
0 0 1
1 662093 0
30 0 0
0 0 1
1 680020 0
-1 0 0
