91
1 0 0
0 0 1
1 1.17598e+07 0
2 0 0
0 0 1
1 1.02788e+07 0
3 0 0
0 0 1
1 8.86127e+06 0
4 0 0
0 0 1
1 7.49096e+06 0
5 0 0
0 0 1
1 6.1913e+06 0
6 0 0
0 0 1
1 5.07273e+06 0
7 0 0
0 0 1
1 4.20431e+06 0
8 0 0
0 0 1
1 3.54674e+06 0
9 0 0
0 0 1
1 3.02958e+06 0
10 0 0
0 0 1
1 2.62347e+06 0
11 0 0
0 0 1
1 2.31461e+06 0
12 0 0
0 0 1
1 2.06808e+06 0
13 0 0
0 0 1
1 1.85242e+06 0
14 0 0
0 0 1
1 1.66667e+06 0
15 0 0
0 0 1
1 1.51646e+06 0
16 0 0
0 0 1
1 1.38869e+06 0
17 0 0
0 0 1
1 1.27011e+06 0
18 0 0
0 0 1
1 1.16771e+06 0
19 0 0
0 0 1
1 1.09072e+06 0
20 0 0
0 0 1
1 1.03046e+06 0
21 0 0
0 0 1
1 974666 0
22 0 0
0 0 1
1 925687 0
23 0 0
0 0 1
1 889518 0
24 0 0
0 0 1
1 861569 0
25 0 0
0 0 1
1 836973 0
26 0 0
0 0 1
1 821710 0
27 0 0
0 0 1
1 820394 0
28 0 0
0 0 1
1 824460 0
29 0 0
0 0 1
1 824117 0
30 0 0
0 0 1
1 821869 0
-1 0 0
