91
1 0 0
0 0 1
1 6.20841e+06 0
2 0 0
0 0 1
1 5.49238e+06 0
3 0 0
0 0 1
1 4.76013e+06 0
4 0 0
0 0 1
1 4.08724e+06 0
5 0 0
0 0 1
1 3.49708e+06 0
6 0 0
0 0 1
1 2.99354e+06 0
7 0 0
0 0 1
1 2.5735e+06 0
8 0 0
0 0 1
1 2.22385e+06 0
9 0 0
0 0 1
1 1.92793e+06 0
10 0 0
0 0 1
1 1.67689e+06 0
11 0 0
0 0 1
1 1.46772e+06 0
12 0 0
0 0 1
1 1.29374e+06 0
13 0 0
0 0 1
1 1.14552e+06 0
14 0 0
0 0 1
1 1.01885e+06 0
15 0 0
0 0 1
1 914120 0
16 0 0
0 0 1
1 828685 0
17 0 0
0 0 1
1 756015 0
18 0 0
0 0 1
1 692056 0
19 0 0
0 0 1
1 636782 0
20 0 0
0 0 1
1 589502 0
21 0 0
0 0 1
1 547505 0
22 0 0
0 0 1
1 509708 0
23 0 0
0 0 1
1 477492 0
24 0 0
0 0 1
1 451282 0
25 0 0
0 0 1
1 429591 0
26 0 0
0 0 1
1 411891 0
27 0 0
0 0 1
1 399469 0
28 0 0
0 0 1
1 392873 0
29 0 0
0 0 1
1 390757 0
30 0 0
0 0 1
1 391416 0
-1 0 0
