91
1 0 0
0 0 1
1 6.18604e+06 0
2 0 0
0 0 1
1 5.55276e+06 0
3 0 0
0 0 1
1 4.86255e+06 0
4 0 0
0 0 1
1 4.17041e+06 0
5 0 0
0 0 1
1 3.51576e+06 0
6 0 0
0 0 1
1 2.92683e+06 0
7 0 0
0 0 1
1 2.42515e+06 0
8 0 0
0 0 1
1 2.02088e+06 0
9 0 0
0 0 1
1 1.70634e+06 0
10 0 0
0 0 1
1 1.46089e+06 0
11 0 0
0 0 1
1 1.2649e+06 0
12 0 0
0 0 1
1 1.10689e+06 0
13 0 0
0 0 1
1 979111 0
14 0 0
0 0 1
1 872766 0
15 0 0
0 0 1
1 780813 0
16 0 0
0 0 1
1 701317 0
17 0 0
0 0 1
1 634240 0
18 0 0
0 0 1
1 577195 0
19 0 0
0 0 1
1 527235 0
20 0 0
0 0 1
1 484457 0
21 0 0
0 0 1
1 450330 0
22 0 0
0 0 1
1 423715 0
23 0 0
0 0 1
1 401607 0
24 0 0
0 0 1
1 382975 0
25 0 0
0 0 1
1 368990 0
26 0 0
0 0 1
1 359942 0
27 0 0
0 0 1
1 354569 0
28 0 0
0 0 1
1 352173 0
29 0 0
0 0 1
1 352864 0
30 0 0
0 0 1
1 355489 0
-1 0 0
