91
1 0 0
0 0 1
1 1.62002e+07 0
2 0 0
0 0 1
1 1.30233e+07 0
3 0 0
0 0 1
1 9.96507e+06 0
4 0 0
0 0 1
1 7.48826e+06 0
5 0 0
0 0 1
1 5.67094e+06 0
6 0 0
0 0 1
1 4.38551e+06 0
7 0 0
0 0 1
1 3.48956e+06 0
8 0 0
0 0 1
1 2.86865e+06 0
9 0 0
0 0 1
1 2.42051e+06 0
10 0 0
0 0 1
1 2.07262e+06 0
11 0 0
0 0 1
1 1.79476e+06 0
12 0 0
0 0 1
1 1.57054e+06 0
13 0 0
0 0 1
1 1.37628e+06 0
14 0 0
0 0 1
1 1.19802e+06 0
15 0 0
0 0 1
1 1.0425e+06 0
16 0 0
0 0 1
1 915830 0
17 0 0
0 0 1
1 809162 0
18 0 0
0 0 1
1 715284 0
19 0 0
0 0 1
1 640329 0
20 0 0
0 0 1
1 587911 0
21 0 0
0 0 1
1 547759 0
22 0 0
0 0 1
1 510292 0
23 0 0
0 0 1
1 478609 0
24 0 0
0 0 1
1 457299 0
25 0 0
0 0 1
1 442443 0
26 0 0
0 0 1
1 431195 0
27 0 0
0 0 1
1 429500 0
28 0 0
0 0 1
1 442365 0
29 0 0
0 0 1
1 466701 0
30 0 0
0 0 1
1 499842 0
-1 0 0
