91
1 0 0
0 0 1
1 9.74457e+06 0
2 0 0
0 0 1
1 8.67622e+06 0
3 0 0
0 0 1
1 7.58499e+06 0
4 0 0
0 0 1
1 6.54594e+06 0
5 0 0
0 0 1
1 5.60895e+06 0
6 0 0
0 0 1
1 4.79789e+06 0
7 0 0
0 0 1
1 4.11407e+06 0
8 0 0
0 0 1
1 3.54565e+06 0
9 0 0
0 0 1
1 3.07559e+06 0
10 0 0
0 0 1
1 2.68491e+06 0
11 0 0
0 0 1
1 2.35589e+06 0
12 0 0
0 0 1
1 2.07656e+06 0
13 0 0
0 0 1
1 1.84112e+06 0
14 0 0
0 0 1
1 1.64486e+06 0
15 0 0
0 0 1
1 1.48026e+06 0
16 0 0
0 0 1
1 1.33911e+06 0
17 0 0
0 0 1
1 1.2162e+06 0
18 0 0
0 0 1
1 1.10962e+06 0
19 0 0
0 0 1
1 1.01841e+06 0
20 0 0
0 0 1
1 941518 0
21 0 0
0 0 1
1 877653 0
22 0 0
0 0 1
1 824828 0
23 0 0
0 0 1
1 780424 0
24 0 0
0 0 1
1 742674 0
25 0 0
0 0 1
1 711388 0
26 0 0
0 0 1
1 686681 0
27 0 0
0 0 1
1 668192 0
28 0 0
0 0 1
1 656082 0
29 0 0
0 0 1
1 650857 0
30 0 0
0 0 1
1 650627 0
-1 0 0
