91
1 0 0
0 0 1
1 1.57351e+07 0
2 0 0
0 0 1
1 1.40036e+07 0
3 0 0
0 0 1
1 1.20496e+07 0
4 0 0
0 0 1
1 1.01033e+07 0
5 0 0
0 0 1
1 8.3465e+06 0
6 0 0
0 0 1
1 6.86676e+06 0
7 0 0
0 0 1
1 5.66998e+06 0
8 0 0
0 0 1
1 4.71933e+06 0
9 0 0
0 0 1
1 3.96274e+06 0
10 0 0
0 0 1
1 3.34849e+06 0
11 0 0
0 0 1
1 2.83817e+06 0
12 0 0
0 0 1
1 2.4105e+06 0
13 0 0
0 0 1
1 2.05377e+06 0
14 0 0
0 0 1
1 1.75798e+06 0
15 0 0
0 0 1
1 1.51396e+06 0
16 0 0
0 0 1
1 1.31372e+06 0
17 0 0
0 0 1
1 1.14926e+06 0
18 0 0
0 0 1
1 1.01368e+06 0
19 0 0
0 0 1
1 903477 0
20 0 0
0 0 1
1 816195 0
21 0 0
0 0 1
1 745975 0
22 0 0
0 0 1
1 685427 0
23 0 0
0 0 1
1 632054 0
24 0 0
0 0 1
1 589087 0
25 0 0
0 0 1
1 559405 0
26 0 0
0 0 1
1 541764 0
27 0 0
0 0 1
1 533612 0
28 0 0
0 0 1
1 534896 0
29 0 0
0 0 1
1 548006 0
30 0 0
0 0 1
1 574878 0
-1 0 0
