91
1 0 0
0 0 1
1 1.41976e+07 0
2 0 0
0 0 1
1 1.27575e+07 0
3 0 0
0 0 1
1 1.13307e+07 0
4 0 0
0 0 1
1 1.00081e+07 0
5 0 0
0 0 1
1 8.83896e+06 0
6 0 0
0 0 1
1 7.81322e+06 0
7 0 0
0 0 1
1 6.87426e+06 0
8 0 0
0 0 1
1 5.98987e+06 0
9 0 0
0 0 1
1 5.18438e+06 0
10 0 0
0 0 1
1 4.49005e+06 0
11 0 0
0 0 1
1 3.90158e+06 0
12 0 0
0 0 1
1 3.3946e+06 0
13 0 0
0 0 1
1 2.95864e+06 0
14 0 0
0 0 1
1 2.59049e+06 0
15 0 0
0 0 1
1 2.27569e+06 0
16 0 0
0 0 1
1 1.99732e+06 0
17 0 0
0 0 1
1 1.75153e+06 0
18 0 0
0 0 1
1 1.53998e+06 0
19 0 0
0 0 1
1 1.35726e+06 0
20 0 0
0 0 1
1 1.19744e+06 0
21 0 0
0 0 1
1 1.06314e+06 0
22 0 0
0 0 1
1 957054 0
23 0 0
0 0 1
1 872153 0
24 0 0
0 0 1
1 799521 0
25 0 0
0 0 1
1 739014 0
26 0 0
0 0 1
1 693965 0
27 0 0
0 0 1
1 662132 0
28 0 0
0 0 1
1 639902 0
29 0 0
0 0 1
1 629776 0
30 0 0
0 0 1
1 635795 0
-1 0 0
