91
1 0 0
0 0 1
1 6.36408e+06 0
2 0 0
0 0 1
1 5.74269e+06 0
3 0 0
0 0 1
1 5.05573e+06 0
4 0 0
0 0 1
1 4.38118e+06 0
5 0 0
0 0 1
1 3.7635e+06 0
6 0 0
0 0 1
1 3.21155e+06 0
7 0 0
0 0 1
1 2.73171e+06 0
8 0 0
0 0 1
1 2.33093e+06 0
9 0 0
0 0 1
1 1.99946e+06 0
10 0 0
0 0 1
1 1.71741e+06 0
11 0 0
0 0 1
1 1.4757e+06 0
12 0 0
0 0 1
1 1.27513e+06 0
13 0 0
0 0 1
1 1.11036e+06 0
14 0 0
0 0 1
1 970035 0
15 0 0
0 0 1
1 849113 0
16 0 0
0 0 1
1 748850 0
17 0 0
0 0 1
1 666766 0
18 0 0
0 0 1
1 596894 0
19 0 0
0 0 1
1 537623 0
20 0 0
0 0 1
1 490440 0
21 0 0
0 0 1
1 452978 0
22 0 0
0 0 1
1 420839 0
23 0 0
0 0 1
1 393965 0
24 0 0
0 0 1
1 374386 0
25 0 0
0 0 1
1 360203 0
26 0 0
0 0 1
1 348350 0
27 0 0
0 0 1
1 340829 0
28 0 0
0 0 1
1 341686 0
29 0 0
0 0 1
1 349562 0
30 0 0
0 0 1
1 358714 0
-1 0 0
