91
1 0 0
0 0 1
1 1.26837e+07 0
2 0 0
0 0 1
1 1.07981e+07 0
3 0 0
0 0 1
1 8.9043e+06 0
4 0 0
0 0 1
1 7.21568e+06 0
5 0 0
0 0 1
1 5.79304e+06 0
6 0 0
0 0 1
1 4.63566e+06 0
7 0 0
0 0 1
1 3.7362e+06 0
8 0 0
0 0 1
1 3.06536e+06 0
9 0 0
0 0 1
1 2.5614e+06 0
10 0 0
0 0 1
1 2.16374e+06 0
11 0 0
0 0 1
1 1.8427e+06 0
12 0 0
0 0 1
1 1.5862e+06 0
13 0 0
0 0 1
1 1.37612e+06 0
14 0 0
0 0 1
1 1.19327e+06 0
15 0 0
0 0 1
1 1.0335e+06 0
16 0 0
0 0 1
1 901754 0
17 0 0
0 0 1
1 795295 0
18 0 0
0 0 1
1 704589 0
19 0 0
0 0 1
1 626066 0
20 0 0
0 0 1
1 562524 0
21 0 0
0 0 1
1 513455 0
22 0 0
0 0 1
1 474501 0
23 0 0
0 0 1
1 444580 0
24 0 0
0 0 1
1 425208 0
25 0 0
0 0 1
1 414310 0
26 0 0
0 0 1
1 408177 0
27 0 0
0 0 1
1 407919 0
28 0 0
0 0 1
1 416599 0
29 0 0
0 0 1
1 430956 0
30 0 0
0 0 1
1 443111 0
-1 0 0
