91
1 0 0
0 0 1
1 1.2138e+07 0
2 0 0
0 0 1
1 1.05239e+07 0
3 0 0
0 0 1
1 8.89823e+06 0
4 0 0
0 0 1
1 7.43182e+06 0
5 0 0
0 0 1
1 6.1836e+06 0
6 0 0
0 0 1
1 5.14886e+06 0
7 0 0
0 0 1
1 4.306e+06 0
8 0 0
0 0 1
1 3.62904e+06 0
9 0 0
0 0 1
1 3.08728e+06 0
10 0 0
0 0 1
1 2.65131e+06 0
11 0 0
0 0 1
1 2.298e+06 0
12 0 0
0 0 1
1 2.00794e+06 0
13 0 0
0 0 1
1 1.76392e+06 0
14 0 0
0 0 1
1 1.55509e+06 0
15 0 0
0 0 1
1 1.3778e+06 0
16 0 0
0 0 1
1 1.22939e+06 0
17 0 0
0 0 1
1 1.10405e+06 0
18 0 0
0 0 1
1 996496 0
19 0 0
0 0 1
1 905730 0
20 0 0
0 0 1
1 832056 0
21 0 0
0 0 1
1 772582 0
22 0 0
0 0 1
1 722520 0
23 0 0
0 0 1
1 679586 0
24 0 0
0 0 1
1 644728 0
25 0 0
0 0 1
1 619120 0
26 0 0
0 0 1
1 602431 0
27 0 0
0 0 1
1 593931 0
28 0 0
0 0 1
1 593544 0
29 0 0
0 0 1
1 600787 0
30 0 0
0 0 1
1 613093 0
-1 0 0
