91
1 0 0
0 0 1
1 8.37635e+06 0
2 0 0
0 0 1
1 7.40965e+06 0
3 0 0
0 0 1
1 6.42184e+06 0
4 0 0
0 0 1
1 5.49308e+06 0
5 0 0
0 0 1
1 4.71046e+06 0
6 0 0
0 0 1
1 4.07063e+06 0
7 0 0
0 0 1
1 3.5137e+06 0
8 0 0
0 0 1
1 3.01538e+06 0
9 0 0
0 0 1
1 2.59217e+06 0
10 0 0
0 0 1
1 2.24586e+06 0
11 0 0
0 0 1
1 1.955e+06 0
12 0 0
0 0 1
1 1.70868e+06 0
13 0 0
0 0 1
1 1.50866e+06 0
14 0 0
0 0 1
1 1.3445e+06 0
15 0 0
0 0 1
1 1.19721e+06 0
16 0 0
0 0 1
1 1.06297e+06 0
17 0 0
0 0 1
1 949445 0
18 0 0
0 0 1
1 853668 0
19 0 0
0 0 1
1 764416 0
20 0 0
0 0 1
1 681544 0
21 0 0
0 0 1
1 613555 0
22 0 0
0 0 1
1 559799 0
23 0 0
0 0 1
1 511962 0
24 0 0
0 0 1
1 469682 0
25 0 0
0 0 1
1 439151 0
26 0 0
0 0 1
1 419227 0
27 0 0
0 0 1
1 403251 0
28 0 0
0 0 1
1 392474 0
29 0 0
0 0 1
1 394941 0
30 0 0
0 0 1
1 412224 0
-1 0 0
