91
1 0 0
0 0 1
1 9.46955e+06 0
2 0 0
0 0 1
1 8.01916e+06 0
3 0 0
0 0 1
1 6.50753e+06 0
4 0 0
0 0 1
1 5.10565e+06 0
5 0 0
0 0 1
1 3.94125e+06 0
6 0 0
0 0 1
1 3.06463e+06 0
7 0 0
0 0 1
1 2.43267e+06 0
8 0 0
0 0 1
1 1.96722e+06 0
9 0 0
0 0 1
1 1.61874e+06 0
10 0 0
0 0 1
1 1.36308e+06 0
11 0 0
0 0 1
1 1.16998e+06 0
12 0 0
0 0 1
1 1.00796e+06 0
13 0 0
0 0 1
1 867223 0
14 0 0
0 0 1
1 752258 0
15 0 0
0 0 1
1 658678 0
16 0 0
0 0 1
1 575354 0
17 0 0
0 0 1
1 501574 0
18 0 0
0 0 1
1 443722 0
19 0 0
0 0 1
1 399229 0
20 0 0
0 0 1
1 358895 0
21 0 0
0 0 1
1 321637 0
22 0 0
0 0 1
1 293573 0
23 0 0
0 0 1
1 275044 0
24 0 0
0 0 1
1 260269 0
25 0 0
0 0 1
1 247810 0
26 0 0
0 0 1
1 241032 0
27 0 0
0 0 1
1 239809 0
28 0 0
0 0 1
1 240869 0
29 0 0
0 0 1
1 244934 0
30 0 0
0 0 1
1 255656 0
-1 0 0
