91
1 0 0
0 0 1
1 8.56267e+06 0
2 0 0
0 0 1
1 7.30425e+06 0
3 0 0
0 0 1
1 6.02399e+06 0
4 0 0
0 0 1
1 4.90507e+06 0
5 0 0
0 0 1
1 3.98057e+06 0
6 0 0
0 0 1
1 3.23285e+06 0
7 0 0
0 0 1
1 2.64599e+06 0
8 0 0
0 0 1
1 2.19319e+06 0
9 0 0
0 0 1
1 1.83441e+06 0
10 0 0
0 0 1
1 1.54179e+06 0
11 0 0
0 0 1
1 1.30661e+06 0
12 0 0
0 0 1
1 1.1198e+06 0
13 0 0
0 0 1
1 965003 0
14 0 0
0 0 1
1 832879 0
15 0 0
0 0 1
1 725396 0
16 0 0
0 0 1
1 642060 0
17 0 0
0 0 1
1 574109 0
18 0 0
0 0 1
1 514894 0
19 0 0
0 0 1
1 465151 0
20 0 0
0 0 1
1 425305 0
21 0 0
0 0 1
1 391531 0
22 0 0
0 0 1
1 361584 0
23 0 0
0 0 1
1 336857 0
24 0 0
0 0 1
1 316943 0
25 0 0
0 0 1
1 298905 0
26 0 0
0 0 1
1 283204 0
27 0 0
0 0 1
1 274364 0
28 0 0
0 0 1
1 274769 0
29 0 0
0 0 1
1 282903 0
30 0 0
0 0 1
1 297563 0
-1 0 0
