91
1 0 0
0 0 1
1 6.96462e+06 0
2 0 0
0 0 1
1 5.92499e+06 0
3 0 0
0 0 1
1 4.81786e+06 0
4 0 0
0 0 1
1 3.84136e+06 0
5 0 0
0 0 1
1 3.07042e+06 0
6 0 0
0 0 1
1 2.48903e+06 0
7 0 0
0 0 1
1 2.05771e+06 0
8 0 0
0 0 1
1 1.74198e+06 0
9 0 0
0 0 1
1 1.50868e+06 0
10 0 0
0 0 1
1 1.32769e+06 0
11 0 0
0 0 1
1 1.18086e+06 0
12 0 0
0 0 1
1 1.05991e+06 0
13 0 0
0 0 1
1 957695 0
14 0 0
0 0 1
1 867837 0
15 0 0
0 0 1
1 789483 0
16 0 0
0 0 1
1 724542 0
17 0 0
0 0 1
1 670996 0
18 0 0
0 0 1
1 623960 0
19 0 0
0 0 1
1 581852 0
20 0 0
0 0 1
1 546575 0
21 0 0
0 0 1
1 518461 0
22 0 0
0 0 1
1 495250 0
23 0 0
0 0 1
1 475491 0
24 0 0
0 0 1
1 459393 0
25 0 0
0 0 1
1 446715 0
26 0 0
0 0 1
1 436873 0
27 0 0
0 0 1
1 430793 0
28 0 0
0 0 1
1 429956 0
29 0 0
0 0 1
1 433846 0
30 0 0
0 0 1
1 440493 0
-1 0 0
