91
1 0 0
0 0 1
1 3.83101e+06 0
2 0 0
0 0 1
1 3.32379e+06 0
3 0 0
0 0 1
1 2.81029e+06 0
4 0 0
0 0 1
1 2.33947e+06 0
5 0 0
0 0 1
1 1.92884e+06 0
6 0 0
0 0 1
1 1.58394e+06 0
7 0 0
0 0 1
1 1.30434e+06 0
8 0 0
0 0 1
1 1.08204e+06 0
9 0 0
0 0 1
1 904881 0
10 0 0
0 0 1
1 762676 0
11 0 0
0 0 1
1 648246 0
12 0 0
0 0 1
1 554977 0
13 0 0
0 0 1
1 477218 0
14 0 0
0 0 1
1 412306 0
15 0 0
0 0 1
1 359469 0
16 0 0
0 0 1
1 317009 0
17 0 0
0 0 1
1 282208 0
18 0 0
0 0 1
1 253154 0
19 0 0
0 0 1
1 228816 0
20 0 0
0 0 1
1 208032 0
21 0 0
0 0 1
1 190090 0
22 0 0
0 0 1
1 175552 0
23 0 0
0 0 1
1 164814 0
24 0 0
0 0 1
1 156479 0
25 0 0
0 0 1
1 148811 0
26 0 0
0 0 1
1 142222 0
27 0 0
0 0 1
1 138717 0
28 0 0
0 0 1
1 139266 0
29 0 0
0 0 1
1 143243 0
30 0 0
0 0 1
1 149976 0
-1 0 0
