91
1 0 0
0 0 1
1 5.35939e+06 0
2 0 0
0 0 1
1 4.7338e+06 0
3 0 0
0 0 1
1 4.09024e+06 0
4 0 0
0 0 1
1 3.48895e+06 0
5 0 0
0 0 1
1 2.95977e+06 0
6 0 0
0 0 1
1 2.51125e+06 0
7 0 0
0 0 1
1 2.14098e+06 0
8 0 0
0 0 1
1 1.83937e+06 0
9 0 0
0 0 1
1 1.59277e+06 0
10 0 0
0 0 1
1 1.38884e+06 0
11 0 0
0 0 1
1 1.21912e+06 0
12 0 0
0 0 1
1 1.07734e+06 0
13 0 0
0 0 1
1 957766 0
14 0 0
0 0 1
1 855992 0
15 0 0
0 0 1
1 769295 0
16 0 0
0 0 1
1 695234 0
17 0 0
0 0 1
1 631167 0
18 0 0
0 0 1
1 575455 0
19 0 0
0 0 1
1 527723 0
20 0 0
0 0 1
1 487401 0
21 0 0
0 0 1
1 453167 0
22 0 0
0 0 1
1 424245 0
23 0 0
0 0 1
1 400953 0
24 0 0
0 0 1
1 383230 0
25 0 0
0 0 1
1 369651 0
26 0 0
0 0 1
1 358713 0
27 0 0
0 0 1
1 350283 0
28 0 0
0 0 1
1 344878 0
29 0 0
0 0 1
1 342198 0
30 0 0
0 0 1
1 341302 0
-1 0 0
