91
1 0 0
0 0 1
1 1.44363e+07 0
2 0 0
0 0 1
1 1.24611e+07 0
3 0 0
0 0 1
1 1.04342e+07 0
4 0 0
0 0 1
1 8.69092e+06 0
5 0 0
0 0 1
1 7.30805e+06 0
6 0 0
0 0 1
1 6.21569e+06 0
7 0 0
0 0 1
1 5.34427e+06 0
8 0 0
0 0 1
1 4.65633e+06 0
9 0 0
0 0 1
1 4.10996e+06 0
10 0 0
0 0 1
1 3.65586e+06 0
11 0 0
0 0 1
1 3.26462e+06 0
12 0 0
0 0 1
1 2.92796e+06 0
13 0 0
0 0 1
1 2.63777e+06 0
14 0 0
0 0 1
1 2.38261e+06 0
15 0 0
0 0 1
1 2.15863e+06 0
16 0 0
0 0 1
1 1.96676e+06 0
17 0 0
0 0 1
1 1.80175e+06 0
18 0 0
0 0 1
1 1.65568e+06 0
19 0 0
0 0 1
1 1.52803e+06 0
20 0 0
0 0 1
1 1.42145e+06 0
21 0 0
0 0 1
1 1.33166e+06 0
22 0 0
0 0 1
1 1.25163e+06 0
23 0 0
0 0 1
1 1.18172e+06 0
24 0 0
0 0 1
1 1.12634e+06 0
25 0 0
0 0 1
1 1.08387e+06 0
26 0 0
0 0 1
1 1.04844e+06 0
27 0 0
0 0 1
1 1.01877e+06 0
28 0 0
0 0 1
1 997415 0
29 0 0
0 0 1
1 984104 0
30 0 0
0 0 1
1 976663 0
-1 0 0
