91
1 0 0
0 0 1
1 7.57635e+06 0
2 0 0
0 0 1
1 6.28135e+06 0
3 0 0
0 0 1
1 5.04047e+06 0
4 0 0
0 0 1
1 4.00215e+06 0
5 0 0
0 0 1
1 3.18312e+06 0
6 0 0
0 0 1
1 2.55091e+06 0
7 0 0
0 0 1
1 2.07611e+06 0
8 0 0
0 0 1
1 1.73044e+06 0
9 0 0
0 0 1
1 1.477e+06 0
10 0 0
0 0 1
1 1.28083e+06 0
11 0 0
0 0 1
1 1.12147e+06 0
12 0 0
0 0 1
1 989552 0
13 0 0
0 0 1
1 877963 0
14 0 0
0 0 1
1 781203 0
15 0 0
0 0 1
1 697811 0
16 0 0
0 0 1
1 627567 0
17 0 0
0 0 1
1 567974 0
18 0 0
0 0 1
1 516154 0
19 0 0
0 0 1
1 471832 0
20 0 0
0 0 1
1 435836 0
21 0 0
0 0 1
1 407390 0
22 0 0
0 0 1
1 384758 0
23 0 0
0 0 1
1 366841 0
24 0 0
0 0 1
1 352447 0
25 0 0
0 0 1
1 339774 0
26 0 0
0 0 1
1 328397 0
27 0 0
0 0 1
1 320387 0
28 0 0
0 0 1
1 317829 0
29 0 0
0 0 1
1 320432 0
30 0 0
0 0 1
1 327056 0
-1 0 0
