91
1 0 0
0 0 1
1 7.88449e+06 0
2 0 0
0 0 1
1 6.63172e+06 0
3 0 0
0 0 1
1 5.3226e+06 0
4 0 0
0 0 1
1 4.16877e+06 0
5 0 0
0 0 1
1 3.27101e+06 0
6 0 0
0 0 1
1 2.60918e+06 0
7 0 0
0 0 1
1 2.11619e+06 0
8 0 0
0 0 1
1 1.74519e+06 0
9 0 0
0 0 1
1 1.47171e+06 0
10 0 0
0 0 1
1 1.26847e+06 0
11 0 0
0 0 1
1 1.10606e+06 0
12 0 0
0 0 1
1 969836 0
13 0 0
0 0 1
1 857613 0
14 0 0
0 0 1
1 764412 0
15 0 0
0 0 1
1 681994 0
16 0 0
0 0 1
1 609294 0
17 0 0
0 0 1
1 550553 0
18 0 0
0 0 1
1 504246 0
19 0 0
0 0 1
1 463589 0
20 0 0
0 0 1
1 426622 0
21 0 0
0 0 1
1 396769 0
22 0 0
0 0 1
1 374226 0
23 0 0
0 0 1
1 355018 0
24 0 0
0 0 1
1 338306 0
25 0 0
0 0 1
1 327198 0
26 0 0
0 0 1
1 322276 0
27 0 0
0 0 1
1 320972 0
28 0 0
0 0 1
1 323383 0
29 0 0
0 0 1
1 332343 0
30 0 0
0 0 1
1 347260 0
-1 0 0
