91
1 0 0
0 0 1
1 1.79812e+06 0
2 0 0
0 0 1
1 1.60236e+06 0
3 0 0
0 0 1
1 1.4147e+06 0
4 0 0
0 0 1
1 1.22902e+06 0
5 0 0
0 0 1
1 1.04639e+06 0
6 0 0
0 0 1
1 877955 0
7 0 0
0 0 1
1 731836 0
8 0 0
0 0 1
1 607892 0
9 0 0
0 0 1
1 503635 0
10 0 0
0 0 1
1 417740 0
11 0 0
0 0 1
1 347847 0
12 0 0
0 0 1
1 290273 0
13 0 0
0 0 1
1 242851 0
14 0 0
0 0 1
1 204980 0
15 0 0
0 0 1
1 174974 0
16 0 0
0 0 1
1 150195 0
17 0 0
0 0 1
1 129608 0
18 0 0
0 0 1
1 113587 0
19 0 0
0 0 1
1 101378 0
20 0 0
0 0 1
1 91068 0
21 0 0
0 0 1
1 81973 0
22 0 0
0 0 1
1 74839 0
23 0 0
0 0 1
1 69691 0
24 0 0
0 0 1
1 65509 0
25 0 0
0 0 1
1 62093 0
26 0 0
0 0 1
1 60359 0
27 0 0
0 0 1
1 60574 0
28 0 0
0 0 1
1 61927 0
29 0 0
0 0 1
1 64067 0
30 0 0
0 0 1
1 67477 0
-1 0 0
