91
1 0 0
0 0 1
1 2.00956e+06 0
2 0 0
0 0 1
1 1.77316e+06 0
3 0 0
0 0 1
1 1.52341e+06 0
4 0 0
0 0 1
1 1.2838e+06 0
5 0 0
0 0 1
1 1.06825e+06 0
6 0 0
0 0 1
1 886097 0
7 0 0
0 0 1
1 738714 0
8 0 0
0 0 1
1 618889 0
9 0 0
0 0 1
1 518624 0
10 0 0
0 0 1
1 434825 0
11 0 0
0 0 1
1 366186 0
12 0 0
0 0 1
1 309466 0
13 0 0
0 0 1
1 261741 0
14 0 0
0 0 1
1 222750 0
15 0 0
0 0 1
1 192192 0
16 0 0
0 0 1
1 167345 0
17 0 0
0 0 1
1 145689 0
18 0 0
0 0 1
1 127398 0
19 0 0
0 0 1
1 113108 0
20 0 0
0 0 1
1 101434 0
21 0 0
0 0 1
1 90835 0
22 0 0
0 0 1
1 81875 0
23 0 0
0 0 1
1 75522 0
24 0 0
0 0 1
1 70876 0
25 0 0
0 0 1
1 66617 0
26 0 0
0 0 1
1 63247 0
27 0 0
0 0 1
1 62005 0
28 0 0
0 0 1
1 62792 0
29 0 0
0 0 1
1 64814 0
30 0 0
0 0 1
1 68067 0
-1 0 0
