91
1 0 0
0 0 1
1 6.12698e+06 0
2 0 0
0 0 1
1 5.34525e+06 0
3 0 0
0 0 1
1 4.57393e+06 0
4 0 0
0 0 1
1 3.85986e+06 0
5 0 0
0 0 1
1 3.23109e+06 0
6 0 0
0 0 1
1 2.69962e+06 0
7 0 0
0 0 1
1 2.26233e+06 0
8 0 0
0 0 1
1 1.90622e+06 0
9 0 0
0 0 1
1 1.61598e+06 0
10 0 0
0 0 1
1 1.37849e+06 0
11 0 0
0 0 1
1 1.18318e+06 0
12 0 0
0 0 1
1 1.02153e+06 0
13 0 0
0 0 1
1 887428 0
14 0 0
0 0 1
1 776812 0
15 0 0
0 0 1
1 685970 0
16 0 0
0 0 1
1 610632 0
17 0 0
0 0 1
1 547185 0
18 0 0
0 0 1
1 494005 0
19 0 0
0 0 1
1 450627 0
20 0 0
0 0 1
1 415775 0
21 0 0
0 0 1
1 386999 0
22 0 0
0 0 1
1 362312 0
23 0 0
0 0 1
1 341477 0
24 0 0
0 0 1
1 325281 0
25 0 0
0 0 1
1 313978 0
26 0 0
0 0 1
1 307086 0
27 0 0
0 0 1
1 304645 0
28 0 0
0 0 1
1 307744 0
29 0 0
0 0 1
1 316970 0
30 0 0
0 0 1
1 330458 0
-1 0 0
