91
1 0 0
0 0 1
1 6.54646e+06 0
2 0 0
0 0 1
1 5.54589e+06 0
3 0 0
0 0 1
1 4.51536e+06 0
4 0 0
0 0 1
1 3.59996e+06 0
5 0 0
0 0 1
1 2.85598e+06 0
6 0 0
0 0 1
1 2.28047e+06 0
7 0 0
0 0 1
1 1.84925e+06 0
8 0 0
0 0 1
1 1.53183e+06 0
9 0 0
0 0 1
1 1.29574e+06 0
10 0 0
0 0 1
1 1.11423e+06 0
11 0 0
0 0 1
1 970785 0
12 0 0
0 0 1
1 854883 0
13 0 0
0 0 1
1 757688 0
14 0 0
0 0 1
1 673518 0
15 0 0
0 0 1
1 601099 0
16 0 0
0 0 1
1 540028 0
17 0 0
0 0 1
1 487971 0
18 0 0
0 0 1
1 442838 0
19 0 0
0 0 1
1 404980 0
20 0 0
0 0 1
1 374960 0
21 0 0
0 0 1
1 350983 0
22 0 0
0 0 1
1 330500 0
23 0 0
0 0 1
1 312910 0
24 0 0
0 0 1
1 298953 0
25 0 0
0 0 1
1 288691 0
26 0 0
0 0 1
1 281883 0
27 0 0
0 0 1
1 279391 0
28 0 0
0 0 1
1 282301 0
29 0 0
0 0 1
1 289862 0
30 0 0
0 0 1
1 299631 0
-1 0 0
