91
1 0 0
0 0 1
1 8.41106e+06 0
2 0 0
0 0 1
1 7.18512e+06 0
3 0 0
0 0 1
1 5.89676e+06 0
4 0 0
0 0 1
1 4.66994e+06 0
5 0 0
0 0 1
1 3.65194e+06 0
6 0 0
0 0 1
1 2.90061e+06 0
7 0 0
0 0 1
1 2.35992e+06 0
8 0 0
0 0 1
1 1.95246e+06 0
9 0 0
0 0 1
1 1.64508e+06 0
10 0 0
0 0 1
1 1.42117e+06 0
11 0 0
0 0 1
1 1.24741e+06 0
12 0 0
0 0 1
1 1.09586e+06 0
13 0 0
0 0 1
1 966393 0
14 0 0
0 0 1
1 864619 0
15 0 0
0 0 1
1 779808 0
16 0 0
0 0 1
1 700240 0
17 0 0
0 0 1
1 630028 0
18 0 0
0 0 1
1 575344 0
19 0 0
0 0 1
1 530088 0
20 0 0
0 0 1
1 487753 0
21 0 0
0 0 1
1 452957 0
22 0 0
0 0 1
1 429806 0
23 0 0
0 0 1
1 411668 0
24 0 0
0 0 1
1 392672 0
25 0 0
0 0 1
1 377763 0
26 0 0
0 0 1
1 372301 0
27 0 0
0 0 1
1 372558 0
28 0 0
0 0 1
1 374760 0
29 0 0
0 0 1
1 383116 0
30 0 0
0 0 1
1 400814 0
-1 0 0
