91
1 0 0
0 0 1
1 3.12058e+06 0
2 0 0
0 0 1
1 2.7801e+06 0
3 0 0
0 0 1
1 2.42478e+06 0
4 0 0
0 0 1
1 2.0817e+06 0
5 0 0
0 0 1
1 1.77107e+06 0
6 0 0
0 0 1
1 1.50229e+06 0
7 0 0
0 0 1
1 1.27606e+06 0
8 0 0
0 0 1
1 1.08829e+06 0
9 0 0
0 0 1
1 932573 0
10 0 0
0 0 1
1 802379 0
11 0 0
0 0 1
1 692974 0
12 0 0
0 0 1
1 601688 0
13 0 0
0 0 1
1 526364 0
14 0 0
0 0 1
1 464249 0
15 0 0
0 0 1
1 412405 0
16 0 0
0 0 1
1 368463 0
17 0 0
0 0 1
1 330806 0
18 0 0
0 0 1
1 298537 0
19 0 0
0 0 1
1 271329 0
20 0 0
0 0 1
1 248844 0
21 0 0
0 0 1
1 230193 0
22 0 0
0 0 1
1 214304 0
23 0 0
0 0 1
1 200740 0
24 0 0
0 0 1
1 189794 0
25 0 0
0 0 1
1 181854 0
26 0 0
0 0 1
1 177007 0
27 0 0
0 0 1
1 175111 0
28 0 0
0 0 1
1 175781 0
29 0 0
0 0 1
1 178258 0
30 0 0
0 0 1
1 181430 0
-1 0 0
