91
1 0 0
0 0 1
1 3.81395e+06 0
2 0 0
0 0 1
1 3.39456e+06 0
3 0 0
0 0 1
1 2.936e+06 0
4 0 0
0 0 1
1 2.4757e+06 0
5 0 0
0 0 1
1 2.04483e+06 0
6 0 0
0 0 1
1 1.66646e+06 0
7 0 0
0 0 1
1 1.35119e+06 0
8 0 0
0 0 1
1 1.09775e+06 0
9 0 0
0 0 1
1 898029 0
10 0 0
0 0 1
1 741862 0
11 0 0
0 0 1
1 619480 0
12 0 0
0 0 1
1 522654 0
13 0 0
0 0 1
1 445149 0
14 0 0
0 0 1
1 382471 0
15 0 0
0 0 1
1 331422 0
16 0 0
0 0 1
1 289799 0
17 0 0
0 0 1
1 255892 0
18 0 0
0 0 1
1 227879 0
19 0 0
0 0 1
1 204027 0
20 0 0
0 0 1
1 183583 0
21 0 0
0 0 1
1 166889 0
22 0 0
0 0 1
1 154207 0
23 0 0
0 0 1
1 144824 0
24 0 0
0 0 1
1 137667 0
25 0 0
0 0 1
1 132393 0
26 0 0
0 0 1
1 129400 0
27 0 0
0 0 1
1 129076 0
28 0 0
0 0 1
1 131518 0
29 0 0
0 0 1
1 136719 0
30 0 0
0 0 1
1 144339 0
-1 0 0
