91
1 0 0
0 0 1
1 6.45996e+06 0
2 0 0
0 0 1
1 5.68612e+06 0
3 0 0
0 0 1
1 4.91607e+06 0
4 0 0
0 0 1
1 4.2235e+06 0
5 0 0
0 0 1
1 3.62465e+06 0
6 0 0
0 0 1
1 3.10716e+06 0
7 0 0
0 0 1
1 2.65576e+06 0
8 0 0
0 0 1
1 2.25976e+06 0
9 0 0
0 0 1
1 1.91131e+06 0
10 0 0
0 0 1
1 1.60612e+06 0
11 0 0
0 0 1
1 1.34512e+06 0
12 0 0
0 0 1
1 1.13055e+06 0
13 0 0
0 0 1
1 959832 0
14 0 0
0 0 1
1 825152 0
15 0 0
0 0 1
1 718331 0
16 0 0
0 0 1
1 633529 0
17 0 0
0 0 1
1 565788 0
18 0 0
0 0 1
1 510231 0
19 0 0
0 0 1
1 463830 0
20 0 0
0 0 1
1 425900 0
21 0 0
0 0 1
1 395771 0
22 0 0
0 0 1
1 371464 0
23 0 0
0 0 1
1 351362 0
24 0 0
0 0 1
1 335574 0
25 0 0
0 0 1
1 324595 0
26 0 0
0 0 1
1 317929 0
27 0 0
0 0 1
1 315087 0
28 0 0
0 0 1
1 316758 0
29 0 0
0 0 1
1 323692 0
30 0 0
0 0 1
1 335075 0
-1 0 0
