91
1 0 0
0 0 1
1 6.68942e+06 0
2 0 0
0 0 1
1 5.93069e+06 0
3 0 0
0 0 1
1 5.19874e+06 0
4 0 0
0 0 1
1 4.52768e+06 0
5 0 0
0 0 1
1 3.92965e+06 0
6 0 0
0 0 1
1 3.3934e+06 0
7 0 0
0 0 1
1 2.90463e+06 0
8 0 0
0 0 1
1 2.46413e+06 0
9 0 0
0 0 1
1 2.08028e+06 0
10 0 0
0 0 1
1 1.75396e+06 0
11 0 0
0 0 1
1 1.47939e+06 0
12 0 0
0 0 1
1 1.25245e+06 0
13 0 0
0 0 1
1 1.06926e+06 0
14 0 0
0 0 1
1 921138 0
15 0 0
0 0 1
1 798247 0
16 0 0
0 0 1
1 695603 0
17 0 0
0 0 1
1 610789 0
18 0 0
0 0 1
1 539377 0
19 0 0
0 0 1
1 477327 0
20 0 0
0 0 1
1 424660 0
21 0 0
0 0 1
1 382231 0
22 0 0
0 0 1
1 347467 0
23 0 0
0 0 1
1 317084 0
24 0 0
0 0 1
1 291400 0
25 0 0
0 0 1
1 272406 0
26 0 0
0 0 1
1 260070 0
27 0 0
0 0 1
1 253728 0
28 0 0
0 0 1
1 254470 0
29 0 0
0 0 1
1 262650 0
30 0 0
0 0 1
1 275056 0
-1 0 0
