91
1 0 0
0 0 1
1 1.33974e+07 0
2 0 0
0 0 1
1 1.14825e+07 0
3 0 0
0 0 1
1 9.65572e+06 0
4 0 0
0 0 1
1 8.09407e+06 0
5 0 0
0 0 1
1 6.83255e+06 0
6 0 0
0 0 1
1 5.82016e+06 0
7 0 0
0 0 1
1 4.9866e+06 0
8 0 0
0 0 1
1 4.29066e+06 0
9 0 0
0 0 1
1 3.71938e+06 0
10 0 0
0 0 1
1 3.25642e+06 0
11 0 0
0 0 1
1 2.87165e+06 0
12 0 0
0 0 1
1 2.54091e+06 0
13 0 0
0 0 1
1 2.25706e+06 0
14 0 0
0 0 1
1 2.01633e+06 0
15 0 0
0 0 1
1 1.80846e+06 0
16 0 0
0 0 1
1 1.6258e+06 0
17 0 0
0 0 1
1 1.46956e+06 0
18 0 0
0 0 1
1 1.34056e+06 0
19 0 0
0 0 1
1 1.23281e+06 0
20 0 0
0 0 1
1 1.14095e+06 0
21 0 0
0 0 1
1 1.06506e+06 0
22 0 0
0 0 1
1 1.00344e+06 0
23 0 0
0 0 1
1 949358 0
24 0 0
0 0 1
1 899554 0
25 0 0
0 0 1
1 858640 0
26 0 0
0 0 1
1 830208 0
27 0 0
0 0 1
1 810529 0
28 0 0
0 0 1
1 795225 0
29 0 0
0 0 1
1 785532 0
30 0 0
0 0 1
1 783823 0
-1 0 0
