91
1 0 0
0 0 1
1 1.46559e+07 0
2 0 0
0 0 1
1 1.29056e+07 0
3 0 0
0 0 1
1 1.09892e+07 0
4 0 0
0 0 1
1 9.10631e+06 0
5 0 0
0 0 1
1 7.44173e+06 0
6 0 0
0 0 1
1 6.09231e+06 0
7 0 0
0 0 1
1 5.03954e+06 0
8 0 0
0 0 1
1 4.21729e+06 0
9 0 0
0 0 1
1 3.57741e+06 0
10 0 0
0 0 1
1 3.08456e+06 0
11 0 0
0 0 1
1 2.6935e+06 0
12 0 0
0 0 1
1 2.36462e+06 0
13 0 0
0 0 1
1 2.08512e+06 0
14 0 0
0 0 1
1 1.85462e+06 0
15 0 0
0 0 1
1 1.66234e+06 0
16 0 0
0 0 1
1 1.49332e+06 0
17 0 0
0 0 1
1 1.3444e+06 0
18 0 0
0 0 1
1 1.21847e+06 0
19 0 0
0 0 1
1 1.11121e+06 0
20 0 0
0 0 1
1 1.01591e+06 0
21 0 0
0 0 1
1 934195 0
22 0 0
0 0 1
1 870440 0
23 0 0
0 0 1
1 820884 0
24 0 0
0 0 1
1 777935 0
25 0 0
0 0 1
1 740752 0
26 0 0
0 0 1
1 713205 0
27 0 0
0 0 1
1 695155 0
28 0 0
0 0 1
1 683273 0
29 0 0
0 0 1
1 677845 0
30 0 0
0 0 1
1 682651 0
-1 0 0
