91
1 0 0
0 0 1
1 6.19084e+06 0
2 0 0
0 0 1
1 5.25174e+06 0
3 0 0
0 0 1
1 4.33634e+06 0
4 0 0
0 0 1
1 3.54328e+06 0
5 0 0
0 0 1
1 2.90499e+06 0
6 0 0
0 0 1
1 2.41012e+06 0
7 0 0
0 0 1
1 2.03089e+06 0
8 0 0
0 0 1
1 1.73894e+06 0
9 0 0
0 0 1
1 1.51071e+06 0
10 0 0
0 0 1
1 1.32846e+06 0
11 0 0
0 0 1
1 1.1795e+06 0
12 0 0
0 0 1
1 1.05489e+06 0
13 0 0
0 0 1
1 948766 0
14 0 0
0 0 1
1 858201 0
15 0 0
0 0 1
1 781768 0
16 0 0
0 0 1
1 717387 0
17 0 0
0 0 1
1 662023 0
18 0 0
0 0 1
1 613531 0
19 0 0
0 0 1
1 571731 0
20 0 0
0 0 1
1 537159 0
21 0 0
0 0 1
1 509394 0
22 0 0
0 0 1
1 486967 0
23 0 0
0 0 1
1 468334 0
24 0 0
0 0 1
1 452553 0
25 0 0
0 0 1
1 439565 0
26 0 0
0 0 1
1 430160 0
27 0 0
0 0 1
1 425282 0
28 0 0
0 0 1
1 425074 0
29 0 0
0 0 1
1 428772 0
30 0 0
0 0 1
1 435306 0
-1 0 0
