91
1 0 0
0 0 1
1 7.18695e+06 0
2 0 0
0 0 1
1 6.01743e+06 0
3 0 0
0 0 1
1 4.81105e+06 0
4 0 0
0 0 1
1 3.78567e+06 0
5 0 0
0 0 1
1 3.00274e+06 0
6 0 0
0 0 1
1 2.41829e+06 0
7 0 0
0 0 1
1 1.98178e+06 0
8 0 0
0 0 1
1 1.66524e+06 0
9 0 0
0 0 1
1 1.43791e+06 0
10 0 0
0 0 1
1 1.26209e+06 0
11 0 0
0 0 1
1 1.11562e+06 0
12 0 0
0 0 1
1 994982 0
13 0 0
0 0 1
1 895969 0
14 0 0
0 0 1
1 808240 0
15 0 0
0 0 1
1 727823 0
16 0 0
0 0 1
1 659308 0
17 0 0
0 0 1
1 603907 0
18 0 0
0 0 1
1 556544 0
19 0 0
0 0 1
1 515255 0
20 0 0
0 0 1
1 483094 0
21 0 0
0 0 1
1 459609 0
22 0 0
0 0 1
1 439237 0
23 0 0
0 0 1
1 419420 0
24 0 0
0 0 1
1 403024 0
25 0 0
0 0 1
1 391890 0
26 0 0
0 0 1
1 384583 0
27 0 0
0 0 1
1 381075 0
28 0 0
0 0 1
1 383359 0
29 0 0
0 0 1
1 390519 0
30 0 0
0 0 1
1 398614 0
-1 0 0
