91
1 0 0
0 0 1
1 1.17533e+07 0
2 0 0
0 0 1
1 1.05534e+07 0
3 0 0
0 0 1
1 9.33927e+06 0
4 0 0
0 0 1
1 8.15191e+06 0
5 0 0
0 0 1
1 7.01914e+06 0
6 0 0
0 0 1
1 5.97574e+06 0
7 0 0
0 0 1
1 5.05076e+06 0
8 0 0
0 0 1
1 4.25338e+06 0
9 0 0
0 0 1
1 3.57853e+06 0
10 0 0
0 0 1
1 3.01688e+06 0
11 0 0
0 0 1
1 2.55482e+06 0
12 0 0
0 0 1
1 2.17354e+06 0
13 0 0
0 0 1
1 1.85584e+06 0
14 0 0
0 0 1
1 1.59176e+06 0
15 0 0
0 0 1
1 1.37489e+06 0
16 0 0
0 0 1
1 1.19734e+06 0
17 0 0
0 0 1
1 1.05082e+06 0
18 0 0
0 0 1
1 929695 0
19 0 0
0 0 1
1 830538 0
20 0 0
0 0 1
1 750408 0
21 0 0
0 0 1
1 686518 0
22 0 0
0 0 1
1 635659 0
23 0 0
0 0 1
1 593966 0
24 0 0
0 0 1
1 559629 0
25 0 0
0 0 1
1 535138 0
26 0 0
0 0 1
1 523634 0
27 0 0
0 0 1
1 523626 0
28 0 0
0 0 1
1 530891 0
29 0 0
0 0 1
1 544497 0
30 0 0
0 0 1
1 565630 0
-1 0 0
