91
1 0 0
0 0 1
1 8.16829e+06 0
2 0 0
0 0 1
1 7.0603e+06 0
3 0 0
0 0 1
1 5.86423e+06 0
4 0 0
0 0 1
1 4.74892e+06 0
5 0 0
0 0 1
1 3.80594e+06 0
6 0 0
0 0 1
1 3.06811e+06 0
7 0 0
0 0 1
1 2.51262e+06 0
8 0 0
0 0 1
1 2.08593e+06 0
9 0 0
0 0 1
1 1.74721e+06 0
10 0 0
0 0 1
1 1.48058e+06 0
11 0 0
0 0 1
1 1.27207e+06 0
12 0 0
0 0 1
1 1.09951e+06 0
13 0 0
0 0 1
1 949061 0
14 0 0
0 0 1
1 821615 0
15 0 0
0 0 1
1 717018 0
16 0 0
0 0 1
1 626626 0
17 0 0
0 0 1
1 545661 0
18 0 0
0 0 1
1 478448 0
19 0 0
0 0 1
1 426180 0
20 0 0
0 0 1
1 381613 0
21 0 0
0 0 1
1 340404 0
22 0 0
0 0 1
1 306503 0
23 0 0
0 0 1
1 281835 0
24 0 0
0 0 1
1 261098 0
25 0 0
0 0 1
1 241421 0
26 0 0
0 0 1
1 227624 0
27 0 0
0 0 1
1 223030 0
28 0 0
0 0 1
1 223375 0
29 0 0
0 0 1
1 224268 0
30 0 0
0 0 1
1 227045 0
-1 0 0
