91
1 0 0
0 0 1
1 6.22565e+06 0
2 0 0
0 0 1
1 5.61932e+06 0
3 0 0
0 0 1
1 4.91192e+06 0
4 0 0
0 0 1
1 4.14926e+06 0
5 0 0
0 0 1
1 3.41893e+06 0
6 0 0
0 0 1
1 2.79961e+06 0
7 0 0
0 0 1
1 2.31259e+06 0
8 0 0
0 0 1
1 1.93334e+06 0
9 0 0
0 0 1
1 1.63456e+06 0
10 0 0
0 0 1
1 1.40154e+06 0
11 0 0
0 0 1
1 1.21936e+06 0
12 0 0
0 0 1
1 1.06987e+06 0
13 0 0
0 0 1
1 943126 0
14 0 0
0 0 1
1 838213 0
15 0 0
0 0 1
1 751659 0
16 0 0
0 0 1
1 675550 0
17 0 0
0 0 1
1 606929 0
18 0 0
0 0 1
1 549116 0
19 0 0
0 0 1
1 502621 0
20 0 0
0 0 1
1 462802 0
21 0 0
0 0 1
1 427307 0
22 0 0
0 0 1
1 398431 0
23 0 0
0 0 1
1 377055 0
24 0 0
0 0 1
1 360588 0
25 0 0
0 0 1
1 347847 0
26 0 0
0 0 1
1 340281 0
27 0 0
0 0 1
1 337602 0
28 0 0
0 0 1
1 337336 0
29 0 0
0 0 1
1 339075 0
30 0 0
0 0 1
1 343931 0
-1 0 0
