91
1 0 0
0 0 1
1 1.22515e+07 0
2 0 0
0 0 1
1 1.01739e+07 0
3 0 0
0 0 1
1 8.03978e+06 0
4 0 0
0 0 1
1 6.31803e+06 0
5 0 0
0 0 1
1 5.06746e+06 0
6 0 0
0 0 1
1 4.12778e+06 0
7 0 0
0 0 1
1 3.39906e+06 0
8 0 0
0 0 1
1 2.86609e+06 0
9 0 0
0 0 1
1 2.48444e+06 0
10 0 0
0 0 1
1 2.17734e+06 0
11 0 0
0 0 1
1 1.91279e+06 0
12 0 0
0 0 1
1 1.70032e+06 0
13 0 0
0 0 1
1 1.52935e+06 0
14 0 0
0 0 1
1 1.37112e+06 0
15 0 0
0 0 1
1 1.22494e+06 0
16 0 0
0 0 1
1 1.10997e+06 0
17 0 0
0 0 1
1 1.0214e+06 0
18 0 0
0 0 1
1 936669 0
19 0 0
0 0 1
1 854859 0
20 0 0
0 0 1
1 792362 0
21 0 0
0 0 1
1 748264 0
22 0 0
0 0 1
1 707741 0
23 0 0
0 0 1
1 671945 0
24 0 0
0 0 1
1 653406 0
25 0 0
0 0 1
1 648101 0
26 0 0
0 0 1
1 640373 0
27 0 0
0 0 1
1 630130 0
28 0 0
0 0 1
1 629419 0
29 0 0
0 0 1
1 637288 0
30 0 0
0 0 1
1 642239 0
-1 0 0
