91
1 0 0
0 0 1
1 3.81783e+06 0
2 0 0
0 0 1
1 3.22108e+06 0
3 0 0
0 0 1
1 2.53698e+06 0
4 0 0
0 0 1
1 1.92946e+06 0
5 0 0
0 0 1
1 1.47579e+06 0
6 0 0
0 0 1
1 1.15484e+06 0
7 0 0
0 0 1
1 920310 0
8 0 0
0 0 1
1 749127 0
9 0 0
0 0 1
1 628505 0
10 0 0
0 0 1
1 538296 0
11 0 0
0 0 1
1 462333 0
12 0 0
0 0 1
1 398697 0
13 0 0
0 0 1
1 348197 0
14 0 0
0 0 1
1 304927 0
15 0 0
0 0 1
1 264628 0
16 0 0
0 0 1
1 230764 0
17 0 0
0 0 1
1 205645 0
18 0 0
0 0 1
1 184511 0
19 0 0
0 0 1
1 163630 0
20 0 0
0 0 1
1 146025 0
21 0 0
0 0 1
1 134305 0
22 0 0
0 0 1
1 125241 0
23 0 0
0 0 1
1 115981 0
24 0 0
0 0 1
1 108942 0
25 0 0
0 0 1
1 106189 0
26 0 0
0 0 1
1 105045 0
27 0 0
0 0 1
1 103424 0
28 0 0
0 0 1
1 103976 0
29 0 0
0 0 1
1 108938 0
30 0 0
0 0 1
1 115846 0
-1 0 0
