91
1 0 0
0 0 1
1 7.0642e+06 0
2 0 0
0 0 1
1 5.83503e+06 0
3 0 0
0 0 1
1 4.62813e+06 0
4 0 0
0 0 1
1 3.61691e+06 0
5 0 0
0 0 1
1 2.83703e+06 0
6 0 0
0 0 1
1 2.25485e+06 0
7 0 0
0 0 1
1 1.82683e+06 0
8 0 0
0 0 1
1 1.51277e+06 0
9 0 0
0 0 1
1 1.27711e+06 0
10 0 0
0 0 1
1 1.09603e+06 0
11 0 0
0 0 1
1 955738 0
12 0 0
0 0 1
1 842890 0
13 0 0
0 0 1
1 744907 0
14 0 0
0 0 1
1 657933 0
15 0 0
0 0 1
1 584640 0
16 0 0
0 0 1
1 524101 0
17 0 0
0 0 1
1 471216 0
18 0 0
0 0 1
1 424679 0
19 0 0
0 0 1
1 387194 0
20 0 0
0 0 1
1 357903 0
21 0 0
0 0 1
1 332038 0
22 0 0
0 0 1
1 308464 0
23 0 0
0 0 1
1 290829 0
24 0 0
0 0 1
1 280324 0
25 0 0
0 0 1
1 273209 0
26 0 0
0 0 1
1 266839 0
27 0 0
0 0 1
1 263272 0
28 0 0
0 0 1
1 265470 0
29 0 0
0 0 1
1 273717 0
30 0 0
0 0 1
1 286600 0
-1 0 0
