91
1 0 0
0 0 1
1 6.44409e+06 0
2 0 0
0 0 1
1 5.75808e+06 0
3 0 0
0 0 1
1 5.00981e+06 0
4 0 0
0 0 1
1 4.26506e+06 0
5 0 0
0 0 1
1 3.5793e+06 0
6 0 0
0 0 1
1 2.98602e+06 0
7 0 0
0 0 1
1 2.49186e+06 0
8 0 0
0 0 1
1 2.08542e+06 0
9 0 0
0 0 1
1 1.75233e+06 0
10 0 0
0 0 1
1 1.48173e+06 0
11 0 0
0 0 1
1 1.26309e+06 0
12 0 0
0 0 1
1 1.08465e+06 0
13 0 0
0 0 1
1 937326 0
14 0 0
0 0 1
1 816293 0
15 0 0
0 0 1
1 717488 0
16 0 0
0 0 1
1 635486 0
17 0 0
0 0 1
1 566014 0
18 0 0
0 0 1
1 507599 0
19 0 0
0 0 1
1 459352 0
20 0 0
0 0 1
1 419335 0
21 0 0
0 0 1
1 386052 0
22 0 0
0 0 1
1 359364 0
23 0 0
0 0 1
1 338897 0
24 0 0
0 0 1
1 323359 0
25 0 0
0 0 1
1 312168 0
26 0 0
0 0 1
1 305967 0
27 0 0
0 0 1
1 304877 0
28 0 0
0 0 1
1 307849 0
29 0 0
0 0 1
1 313977 0
30 0 0
0 0 1
1 322489 0
-1 0 0
