91
1 0 0
0 0 1
1 8.0329e+06 0
2 0 0
0 0 1
1 6.89485e+06 0
3 0 0
0 0 1
1 5.78673e+06 0
4 0 0
0 0 1
1 4.81211e+06 0
5 0 0
0 0 1
1 3.98715e+06 0
6 0 0
0 0 1
1 3.31436e+06 0
7 0 0
0 0 1
1 2.78768e+06 0
8 0 0
0 0 1
1 2.37531e+06 0
9 0 0
0 0 1
1 2.04025e+06 0
10 0 0
0 0 1
1 1.76619e+06 0
11 0 0
0 0 1
1 1.54664e+06 0
12 0 0
0 0 1
1 1.36553e+06 0
13 0 0
0 0 1
1 1.20606e+06 0
14 0 0
0 0 1
1 1.06626e+06 0
15 0 0
0 0 1
1 950312 0
16 0 0
0 0 1
1 853513 0
17 0 0
0 0 1
1 767823 0
18 0 0
0 0 1
1 693437 0
19 0 0
0 0 1
1 633287 0
20 0 0
0 0 1
1 583016 0
21 0 0
0 0 1
1 536436 0
22 0 0
0 0 1
1 494901 0
23 0 0
0 0 1
1 462382 0
24 0 0
0 0 1
1 436704 0
25 0 0
0 0 1
1 413834 0
26 0 0
0 0 1
1 396083 0
27 0 0
0 0 1
1 388350 0
28 0 0
0 0 1
1 389898 0
29 0 0
0 0 1
1 396202 0
30 0 0
0 0 1
1 405287 0
-1 0 0
