91
1 0 0
0 0 1
1 1.40335e+07 0
2 0 0
0 0 1
1 1.26206e+07 0
3 0 0
0 0 1
1 1.11031e+07 0
4 0 0
0 0 1
1 9.43764e+06 0
5 0 0
0 0 1
1 7.7821e+06 0
6 0 0
0 0 1
1 6.35924e+06 0
7 0 0
0 0 1
1 5.23407e+06 0
8 0 0
0 0 1
1 4.33531e+06 0
9 0 0
0 0 1
1 3.60887e+06 0
10 0 0
0 0 1
1 3.04632e+06 0
11 0 0
0 0 1
1 2.61379e+06 0
12 0 0
0 0 1
1 2.25295e+06 0
13 0 0
0 0 1
1 1.94234e+06 0
14 0 0
0 0 1
1 1.69408e+06 0
15 0 0
0 0 1
1 1.49953e+06 0
16 0 0
0 0 1
1 1.32893e+06 0
17 0 0
0 0 1
1 1.1746e+06 0
18 0 0
0 0 1
1 1.04952e+06 0
19 0 0
0 0 1
1 949771 0
20 0 0
0 0 1
1 856731 0
21 0 0
0 0 1
1 770808 0
22 0 0
0 0 1
1 707950 0
23 0 0
0 0 1
1 666490 0
24 0 0
0 0 1
1 628224 0
25 0 0
0 0 1
1 589559 0
26 0 0
0 0 1
1 563853 0
27 0 0
0 0 1
1 554658 0
28 0 0
0 0 1
1 551685 0
29 0 0
0 0 1
1 552602 0
30 0 0
0 0 1
1 566575 0
-1 0 0
