91
1 0 0
0 0 1
1 7.31364e+06 0
2 0 0
0 0 1
1 6.37806e+06 0
3 0 0
0 0 1
1 5.45074e+06 0
4 0 0
0 0 1
1 4.585e+06 0
5 0 0
0 0 1
1 3.77388e+06 0
6 0 0
0 0 1
1 3.0539e+06 0
7 0 0
0 0 1
1 2.48063e+06 0
8 0 0
0 0 1
1 2.05595e+06 0
9 0 0
0 0 1
1 1.73437e+06 0
10 0 0
0 0 1
1 1.4822e+06 0
11 0 0
0 0 1
1 1.29109e+06 0
12 0 0
0 0 1
1 1.14768e+06 0
13 0 0
0 0 1
1 1.0283e+06 0
14 0 0
0 0 1
1 922944 0
15 0 0
0 0 1
1 837321 0
16 0 0
0 0 1
1 770563 0
17 0 0
0 0 1
1 711373 0
18 0 0
0 0 1
1 655771 0
19 0 0
0 0 1
1 610235 0
20 0 0
0 0 1
1 576262 0
21 0 0
0 0 1
1 546876 0
22 0 0
0 0 1
1 519077 0
23 0 0
0 0 1
1 496586 0
24 0 0
0 0 1
1 479787 0
25 0 0
0 0 1
1 464696 0
26 0 0
0 0 1
1 452212 0
27 0 0
0 0 1
1 447602 0
28 0 0
0 0 1
1 450397 0
29 0 0
0 0 1
1 454412 0
30 0 0
0 0 1
1 457866 0
-1 0 0
