91
1 0 0
0 0 1
1 7.68216e+06 0
2 0 0
0 0 1
1 6.41572e+06 0
3 0 0
0 0 1
1 5.12468e+06 0
4 0 0
0 0 1
1 4.04347e+06 0
5 0 0
0 0 1
1 3.21819e+06 0
6 0 0
0 0 1
1 2.59769e+06 0
7 0 0
0 0 1
1 2.13621e+06 0
8 0 0
0 0 1
1 1.80444e+06 0
9 0 0
0 0 1
1 1.5641e+06 0
10 0 0
0 0 1
1 1.37687e+06 0
11 0 0
0 0 1
1 1.22537e+06 0
12 0 0
0 0 1
1 1.10433e+06 0
13 0 0
0 0 1
1 1.00235e+06 0
14 0 0
0 0 1
1 907790 0
15 0 0
0 0 1
1 822000 0
16 0 0
0 0 1
1 751791 0
17 0 0
0 0 1
1 695254 0
18 0 0
0 0 1
1 645706 0
19 0 0
0 0 1
1 602683 0
20 0 0
0 0 1
1 568683 0
21 0 0
0 0 1
1 540712 0
22 0 0
0 0 1
1 514208 0
23 0 0
0 0 1
1 490651 0
24 0 0
0 0 1
1 473495 0
25 0 0
0 0 1
1 461135 0
26 0 0
0 0 1
1 450922 0
27 0 0
0 0 1
1 445379 0
28 0 0
0 0 1
1 447443 0
29 0 0
0 0 1
1 453836 0
30 0 0
0 0 1
1 459908 0
-1 0 0
