91
1 0 0
0 0 1
1 1.1896e+07 0
2 0 0
0 0 1
1 1.01646e+07 0
3 0 0
0 0 1
1 8.23643e+06 0
4 0 0
0 0 1
1 6.41567e+06 0
5 0 0
0 0 1
1 4.94773e+06 0
6 0 0
0 0 1
1 3.89039e+06 0
7 0 0
0 0 1
1 3.14645e+06 0
8 0 0
0 0 1
1 2.60258e+06 0
9 0 0
0 0 1
1 2.20199e+06 0
10 0 0
0 0 1
1 1.91027e+06 0
11 0 0
0 0 1
1 1.68214e+06 0
12 0 0
0 0 1
1 1.48483e+06 0
13 0 0
0 0 1
1 1.31658e+06 0
14 0 0
0 0 1
1 1.18082e+06 0
15 0 0
0 0 1
1 1.06489e+06 0
16 0 0
0 0 1
1 957633 0
17 0 0
0 0 1
1 865152 0
18 0 0
0 0 1
1 793801 0
19 0 0
0 0 1
1 734829 0
20 0 0
0 0 1
1 678955 0
21 0 0
0 0 1
1 631011 0
22 0 0
0 0 1
1 597637 0
23 0 0
0 0 1
1 573384 0
24 0 0
0 0 1
1 550796 0
25 0 0
0 0 1
1 533302 0
26 0 0
0 0 1
1 527366 0
27 0 0
0 0 1
1 531249 0
28 0 0
0 0 1
1 540696 0
29 0 0
0 0 1
1 556441 0
30 0 0
0 0 1
1 577177 0
-1 0 0
