91
1 0 0
0 0 1
1 1.30776e+07 0
2 0 0
0 0 1
1 1.14264e+07 0
3 0 0
0 0 1
1 9.87075e+06 0
4 0 0
0 0 1
1 8.50843e+06 0
5 0 0
0 0 1
1 7.29036e+06 0
6 0 0
0 0 1
1 6.17459e+06 0
7 0 0
0 0 1
1 5.18297e+06 0
8 0 0
0 0 1
1 4.34153e+06 0
9 0 0
0 0 1
1 3.63734e+06 0
10 0 0
0 0 1
1 3.04623e+06 0
11 0 0
0 0 1
1 2.5598e+06 0
12 0 0
0 0 1
1 2.16907e+06 0
13 0 0
0 0 1
1 1.85005e+06 0
14 0 0
0 0 1
1 1.58089e+06 0
15 0 0
0 0 1
1 1.35556e+06 0
16 0 0
0 0 1
1 1.17128e+06 0
17 0 0
0 0 1
1 1.01794e+06 0
18 0 0
0 0 1
1 887714 0
19 0 0
0 0 1
1 781252 0
20 0 0
0 0 1
1 697658 0
21 0 0
0 0 1
1 629413 0
22 0 0
0 0 1
1 571758 0
23 0 0
0 0 1
1 526475 0
24 0 0
0 0 1
1 492986 0
25 0 0
0 0 1
1 466198 0
26 0 0
0 0 1
1 446209 0
27 0 0
0 0 1
1 439816 0
28 0 0
0 0 1
1 449336 0
29 0 0
0 0 1
1 469193 0
30 0 0
0 0 1
1 495200 0
-1 0 0
