91
1 0 0
0 0 1
1 1.23656e+07 0
2 0 0
0 0 1
1 1.10304e+07 0
3 0 0
0 0 1
1 9.65079e+06 0
4 0 0
0 0 1
1 8.32672e+06 0
5 0 0
0 0 1
1 7.1326e+06 0
6 0 0
0 0 1
1 6.09278e+06 0
7 0 0
0 0 1
1 5.18917e+06 0
8 0 0
0 0 1
1 4.39918e+06 0
9 0 0
0 0 1
1 3.71641e+06 0
10 0 0
0 0 1
1 3.13927e+06 0
11 0 0
0 0 1
1 2.658e+06 0
12 0 0
0 0 1
1 2.25914e+06 0
13 0 0
0 0 1
1 1.93201e+06 0
14 0 0
0 0 1
1 1.66563e+06 0
15 0 0
0 0 1
1 1.44652e+06 0
16 0 0
0 0 1
1 1.26419e+06 0
17 0 0
0 0 1
1 1.1141e+06 0
18 0 0
0 0 1
1 992660 0
19 0 0
0 0 1
1 893713 0
20 0 0
0 0 1
1 811638 0
21 0 0
0 0 1
1 743610 0
22 0 0
0 0 1
1 687242 0
23 0 0
0 0 1
1 640131 0
24 0 0
0 0 1
1 602950 0
25 0 0
0 0 1
1 578753 0
26 0 0
0 0 1
1 567660 0
27 0 0
0 0 1
1 565784 0
28 0 0
0 0 1
1 570264 0
29 0 0
0 0 1
1 581154 0
30 0 0
0 0 1
1 596941 0
-1 0 0
