91
1 0 0
0 0 1
1 7.06462e+06 0
2 0 0
0 0 1
1 6.13902e+06 0
3 0 0
0 0 1
1 5.19726e+06 0
4 0 0
0 0 1
1 4.33567e+06 0
5 0 0
0 0 1
1 3.58856e+06 0
6 0 0
0 0 1
1 2.9618e+06 0
7 0 0
0 0 1
1 2.45226e+06 0
8 0 0
0 0 1
1 2.04329e+06 0
9 0 0
0 0 1
1 1.7099e+06 0
10 0 0
0 0 1
1 1.43532e+06 0
11 0 0
0 0 1
1 1.21262e+06 0
12 0 0
0 0 1
1 1.03272e+06 0
13 0 0
0 0 1
1 883370 0
14 0 0
0 0 1
1 758585 0
15 0 0
0 0 1
1 658065 0
16 0 0
0 0 1
1 577805 0
17 0 0
0 0 1
1 510442 0
18 0 0
0 0 1
1 453785 0
19 0 0
0 0 1
1 409969 0
20 0 0
0 0 1
1 376708 0
21 0 0
0 0 1
1 347724 0
22 0 0
0 0 1
1 321557 0
23 0 0
0 0 1
1 302015 0
24 0 0
0 0 1
1 289717 0
25 0 0
0 0 1
1 280650 0
26 0 0
0 0 1
1 273832 0
27 0 0
0 0 1
1 273481 0
28 0 0
0 0 1
1 282064 0
29 0 0
0 0 1
1 296655 0
30 0 0
0 0 1
1 313083 0
-1 0 0
