91
1 0 0
0 0 1
1 7.28569e+06 0
2 0 0
0 0 1
1 6.39636e+06 0
3 0 0
0 0 1
1 5.43975e+06 0
4 0 0
0 0 1
1 4.49416e+06 0
5 0 0
0 0 1
1 3.62803e+06 0
6 0 0
0 0 1
1 2.90172e+06 0
7 0 0
0 0 1
1 2.34092e+06 0
8 0 0
0 0 1
1 1.92746e+06 0
9 0 0
0 0 1
1 1.62198e+06 0
10 0 0
0 0 1
1 1.39e+06 0
11 0 0
0 0 1
1 1.20877e+06 0
12 0 0
0 0 1
1 1.06257e+06 0
13 0 0
0 0 1
1 940296 0
14 0 0
0 0 1
1 835620 0
15 0 0
0 0 1
1 745654 0
16 0 0
0 0 1
1 669120 0
17 0 0
0 0 1
1 605332 0
18 0 0
0 0 1
1 552858 0
19 0 0
0 0 1
1 508791 0
20 0 0
0 0 1
1 470573 0
21 0 0
0 0 1
1 437959 0
22 0 0
0 0 1
1 411595 0
23 0 0
0 0 1
1 390584 0
24 0 0
0 0 1
1 373360 0
25 0 0
0 0 1
1 360034 0
26 0 0
0 0 1
1 351612 0
27 0 0
0 0 1
1 347559 0
28 0 0
0 0 1
1 346332 0
29 0 0
0 0 1
1 347779 0
30 0 0
0 0 1
1 352801 0
-1 0 0
