91
1 0 0
0 0 1
1 5.48638e+06 0
2 0 0
0 0 1
1 4.44809e+06 0
3 0 0
0 0 1
1 3.41251e+06 0
4 0 0
0 0 1
1 2.58614e+06 0
5 0 0
0 0 1
1 2.0039e+06 0
6 0 0
0 0 1
1 1.58902e+06 0
7 0 0
0 0 1
1 1.27913e+06 0
8 0 0
0 0 1
1 1.05638e+06 0
9 0 0
0 0 1
1 901219 0
10 0 0
0 0 1
1 780027 0
11 0 0
0 0 1
1 675517 0
12 0 0
0 0 1
1 591138 0
13 0 0
0 0 1
1 524776 0
14 0 0
0 0 1
1 464153 0
15 0 0
0 0 1
1 406628 0
16 0 0
0 0 1
1 360321 0
17 0 0
0 0 1
1 325510 0
18 0 0
0 0 1
1 293632 0
19 0 0
0 0 1
1 263781 0
20 0 0
0 0 1
1 242788 0
21 0 0
0 0 1
1 229431 0
22 0 0
0 0 1
1 214642 0
23 0 0
0 0 1
1 197535 0
24 0 0
0 0 1
1 186573 0
25 0 0
0 0 1
1 184218 0
26 0 0
0 0 1
1 183776 0
27 0 0
0 0 1
1 182348 0
28 0 0
0 0 1
1 184597 0
29 0 0
0 0 1
1 192501 0
30 0 0
0 0 1
1 202609 0
-1 0 0
