91
1 0 0
0 0 1
1 3.06119e+06 0
2 0 0
0 0 1
1 2.66856e+06 0
3 0 0
0 0 1
1 2.25655e+06 0
4 0 0
0 0 1
1 1.86959e+06 0
5 0 0
0 0 1
1 1.53192e+06 0
6 0 0
0 0 1
1 1.25068e+06 0
7 0 0
0 0 1
1 1.02502e+06 0
8 0 0
0 0 1
1 848902 0
9 0 0
0 0 1
1 711434 0
10 0 0
0 0 1
1 601488 0
11 0 0
0 0 1
1 512187 0
12 0 0
0 0 1
1 439808 0
13 0 0
0 0 1
1 380779 0
14 0 0
0 0 1
1 331941 0
15 0 0
0 0 1
1 291853 0
16 0 0
0 0 1
1 259595 0
17 0 0
0 0 1
1 233341 0
18 0 0
0 0 1
1 211431 0
19 0 0
0 0 1
1 193503 0
20 0 0
0 0 1
1 179227 0
21 0 0
0 0 1
1 167285 0
22 0 0
0 0 1
1 156872 0
23 0 0
0 0 1
1 148876 0
24 0 0
0 0 1
1 144160 0
25 0 0
0 0 1
1 141800 0
26 0 0
0 0 1
1 140415 0
27 0 0
0 0 1
1 140268 0
28 0 0
0 0 1
1 142643 0
29 0 0
0 0 1
1 147700 0
30 0 0
0 0 1
1 154064 0
-1 0 0
