91
1 0 0
0 0 1
1 3.71681e+06 0
2 0 0
0 0 1
1 3.25493e+06 0
3 0 0
0 0 1
1 2.74826e+06 0
4 0 0
0 0 1
1 2.27384e+06 0
5 0 0
0 0 1
1 1.86519e+06 0
6 0 0
0 0 1
1 1.52099e+06 0
7 0 0
0 0 1
1 1.23676e+06 0
8 0 0
0 0 1
1 1.0103e+06 0
9 0 0
0 0 1
1 831272 0
10 0 0
0 0 1
1 685807 0
11 0 0
0 0 1
1 568049 0
12 0 0
0 0 1
1 476854 0
13 0 0
0 0 1
1 405947 0
14 0 0
0 0 1
1 346744 0
15 0 0
0 0 1
1 296935 0
16 0 0
0 0 1
1 258114 0
17 0 0
0 0 1
1 228006 0
18 0 0
0 0 1
1 202004 0
19 0 0
0 0 1
1 179553 0
20 0 0
0 0 1
1 162609 0
21 0 0
0 0 1
1 149901 0
22 0 0
0 0 1
1 138258 0
23 0 0
0 0 1
1 127754 0
24 0 0
0 0 1
1 120529 0
25 0 0
0 0 1
1 116098 0
26 0 0
0 0 1
1 112332 0
27 0 0
0 0 1
1 109883 0
28 0 0
0 0 1
1 111591 0
29 0 0
0 0 1
1 118295 0
30 0 0
0 0 1
1 128212 0
-1 0 0
