91
1 0 0
0 0 1
1 1.55882e+06 0
2 0 0
0 0 1
1 1.35522e+06 0
3 0 0
0 0 1
1 1.18504e+06 0
4 0 0
0 0 1
1 1.05739e+06 0
5 0 0
0 0 1
1 961550 0
6 0 0
0 0 1
1 886915 0
7 0 0
0 0 1
1 823423 0
8 0 0
0 0 1
1 757800 0
9 0 0
0 0 1
1 681725 0
10 0 0
0 0 1
1 599433 0
11 0 0
0 0 1
1 520816 0
12 0 0
0 0 1
1 450714 0
13 0 0
0 0 1
1 389118 0
14 0 0
0 0 1
1 336815 0
15 0 0
0 0 1
1 294782 0
16 0 0
0 0 1
1 260700 0
17 0 0
0 0 1
1 231114 0
18 0 0
0 0 1
1 205604 0
19 0 0
0 0 1
1 185265 0
20 0 0
0 0 1
1 168862 0
21 0 0
0 0 1
1 153965 0
22 0 0
0 0 1
1 140429 0
23 0 0
0 0 1
1 129591 0
24 0 0
0 0 1
1 121201 0
25 0 0
0 0 1
1 113930 0
26 0 0
0 0 1
1 107958 0
27 0 0
0 0 1
1 104491 0
28 0 0
0 0 1
1 103430 0
29 0 0
0 0 1
1 103549 0
30 0 0
0 0 1
1 104177 0
-1 0 0
