91
1 0 0
0 0 1
1 1.3761e+07 0
2 0 0
0 0 1
1 1.16133e+07 0
3 0 0
0 0 1
1 9.44992e+06 0
4 0 0
0 0 1
1 7.55399e+06 0
5 0 0
0 0 1
1 6.03937e+06 0
6 0 0
0 0 1
1 4.88575e+06 0
7 0 0
0 0 1
1 4.0223e+06 0
8 0 0
0 0 1
1 3.37987e+06 0
9 0 0
0 0 1
1 2.8978e+06 0
10 0 0
0 0 1
1 2.5226e+06 0
11 0 0
0 0 1
1 2.21621e+06 0
12 0 0
0 0 1
1 1.95905e+06 0
13 0 0
0 0 1
1 1.74072e+06 0
14 0 0
0 0 1
1 1.55276e+06 0
15 0 0
0 0 1
1 1.39044e+06 0
16 0 0
0 0 1
1 1.25311e+06 0
17 0 0
0 0 1
1 1.1384e+06 0
18 0 0
0 0 1
1 1.04018e+06 0
19 0 0
0 0 1
1 954394 0
20 0 0
0 0 1
1 882230 0
21 0 0
0 0 1
1 824826 0
22 0 0
0 0 1
1 778675 0
23 0 0
0 0 1
1 739030 0
24 0 0
0 0 1
1 704960 0
25 0 0
0 0 1
1 678416 0
26 0 0
0 0 1
1 660581 0
27 0 0
0 0 1
1 651350 0
28 0 0
0 0 1
1 650525 0
29 0 0
0 0 1
1 657574 0
30 0 0
0 0 1
1 671663 0
-1 0 0
