91
1 0 0
0 0 1
1 6.97416e+06 0
2 0 0
0 0 1
1 6.20199e+06 0
3 0 0
0 0 1
1 5.35676e+06 0
4 0 0
0 0 1
1 4.53826e+06 0
5 0 0
0 0 1
1 3.82562e+06 0
6 0 0
0 0 1
1 3.24086e+06 0
7 0 0
0 0 1
1 2.76121e+06 0
8 0 0
0 0 1
1 2.36151e+06 0
9 0 0
0 0 1
1 2.03111e+06 0
10 0 0
0 0 1
1 1.75996e+06 0
11 0 0
0 0 1
1 1.53162e+06 0
12 0 0
0 0 1
1 1.3339e+06 0
13 0 0
0 0 1
1 1.16388e+06 0
14 0 0
0 0 1
1 1.01948e+06 0
15 0 0
0 0 1
1 895092 0
16 0 0
0 0 1
1 787044 0
17 0 0
0 0 1
1 695691 0
18 0 0
0 0 1
1 619984 0
19 0 0
0 0 1
1 555761 0
20 0 0
0 0 1
1 500407 0
21 0 0
0 0 1
1 453949 0
22 0 0
0 0 1
1 415084 0
23 0 0
0 0 1
1 381195 0
24 0 0
0 0 1
1 352609 0
25 0 0
0 0 1
1 331879 0
26 0 0
0 0 1
1 318491 0
27 0 0
0 0 1
1 309090 0
28 0 0
0 0 1
1 303440 0
29 0 0
0 0 1
1 305274 0
30 0 0
0 0 1
1 316025 0
-1 0 0
