91
1 0 0
0 0 1
1 6.30725e+06 0
2 0 0
0 0 1
1 5.29801e+06 0
3 0 0
0 0 1
1 4.22755e+06 0
4 0 0
0 0 1
1 3.31403e+06 0
5 0 0
0 0 1
1 2.6208e+06 0
6 0 0
0 0 1
1 2.10275e+06 0
7 0 0
0 0 1
1 1.71192e+06 0
8 0 0
0 0 1
1 1.42473e+06 0
9 0 0
0 0 1
1 1.21396e+06 0
10 0 0
0 0 1
1 1.0474e+06 0
11 0 0
0 0 1
1 909667 0
12 0 0
0 0 1
1 799176 0
13 0 0
0 0 1
1 708690 0
14 0 0
0 0 1
1 626978 0
15 0 0
0 0 1
1 553262 0
16 0 0
0 0 1
1 493427 0
17 0 0
0 0 1
1 445872 0
18 0 0
0 0 1
1 403807 0
19 0 0
0 0 1
1 366986 0
20 0 0
0 0 1
1 339389 0
21 0 0
0 0 1
1 319082 0
22 0 0
0 0 1
1 300792 0
23 0 0
0 0 1
1 285117 0
24 0 0
0 0 1
1 275861 0
25 0 0
0 0 1
1 271449 0
26 0 0
0 0 1
1 267537 0
27 0 0
0 0 1
1 265145 0
28 0 0
0 0 1
1 268258 0
29 0 0
0 0 1
1 275903 0
30 0 0
0 0 1
1 283565 0
-1 0 0
