91
1 0 0
0 0 1
1 7.73181e+06 0
2 0 0
0 0 1
1 6.62876e+06 0
3 0 0
0 0 1
1 5.54703e+06 0
4 0 0
0 0 1
1 4.57054e+06 0
5 0 0
0 0 1
1 3.73635e+06 0
6 0 0
0 0 1
1 3.05854e+06 0
7 0 0
0 0 1
1 2.52058e+06 0
8 0 0
0 0 1
1 2.09057e+06 0
9 0 0
0 0 1
1 1.74648e+06 0
10 0 0
0 0 1
1 1.47436e+06 0
11 0 0
0 0 1
1 1.25466e+06 0
12 0 0
0 0 1
1 1.0683e+06 0
13 0 0
0 0 1
1 910062 0
14 0 0
0 0 1
1 782228 0
15 0 0
0 0 1
1 679917 0
16 0 0
0 0 1
1 593436 0
17 0 0
0 0 1
1 519853 0
18 0 0
0 0 1
1 461257 0
19 0 0
0 0 1
1 415110 0
20 0 0
0 0 1
1 375808 0
21 0 0
0 0 1
1 342899 0
22 0 0
0 0 1
1 319211 0
23 0 0
0 0 1
1 302937 0
24 0 0
0 0 1
1 289068 0
25 0 0
0 0 1
1 276862 0
26 0 0
0 0 1
1 269159 0
27 0 0
0 0 1
1 265916 0
28 0 0
0 0 1
1 264750 0
29 0 0
0 0 1
1 266889 0
30 0 0
0 0 1
1 276844 0
-1 0 0
