91
1 0 0
0 0 1
1 1.91774e+06 0
2 0 0
0 0 1
1 1.64747e+06 0
3 0 0
0 0 1
1 1.35379e+06 0
4 0 0
0 0 1
1 1.07812e+06 0
5 0 0
0 0 1
1 853598 0
6 0 0
0 0 1
1 687519 0
7 0 0
0 0 1
1 565977 0
8 0 0
0 0 1
1 473700 0
9 0 0
0 0 1
1 403457 0
10 0 0
0 0 1
1 350255 0
11 0 0
0 0 1
1 307159 0
12 0 0
0 0 1
1 269608 0
13 0 0
0 0 1
1 237714 0
14 0 0
0 0 1
1 211677 0
15 0 0
0 0 1
1 189094 0
16 0 0
0 0 1
1 168417 0
17 0 0
0 0 1
1 150998 0
18 0 0
0 0 1
1 137704 0
19 0 0
0 0 1
1 126728 0
20 0 0
0 0 1
1 116476 0
21 0 0
0 0 1
1 107776 0
22 0 0
0 0 1
1 101562 0
23 0 0
0 0 1
1 96858 0
24 0 0
0 0 1
1 92652 0
25 0 0
0 0 1
1 89521 0
26 0 0
0 0 1
1 87972 0
27 0 0
0 0 1
1 87135 0
28 0 0
0 0 1
1 86519 0
29 0 0
0 0 1
1 87216 0
30 0 0
0 0 1
1 89966 0
-1 0 0
