91
1 0 0
0 0 1
1 3.28611e+06 0
2 0 0
0 0 1
1 2.88305e+06 0
3 0 0
0 0 1
1 2.45779e+06 0
4 0 0
0 0 1
1 2.06409e+06 0
5 0 0
0 0 1
1 1.72774e+06 0
6 0 0
0 0 1
1 1.45221e+06 0
7 0 0
0 0 1
1 1.23042e+06 0
8 0 0
0 0 1
1 1.05269e+06 0
9 0 0
0 0 1
1 909828 0
10 0 0
0 0 1
1 794120 0
11 0 0
0 0 1
1 699216 0
12 0 0
0 0 1
1 619846 0
13 0 0
0 0 1
1 552218 0
14 0 0
0 0 1
1 494435 0
15 0 0
0 0 1
1 445598 0
16 0 0
0 0 1
1 404324 0
17 0 0
0 0 1
1 368720 0
18 0 0
0 0 1
1 337743 0
19 0 0
0 0 1
1 311604 0
20 0 0
0 0 1
1 290409 0
21 0 0
0 0 1
1 273083 0
22 0 0
0 0 1
1 258146 0
23 0 0
0 0 1
1 245045 0
24 0 0
0 0 1
1 234144 0
25 0 0
0 0 1
1 225739 0
26 0 0
0 0 1
1 219724 0
27 0 0
0 0 1
1 216008 0
28 0 0
0 0 1
1 214494 0
29 0 0
0 0 1
1 214555 0
30 0 0
0 0 1
1 215174 0
-1 0 0
