91
1 0 0
0 0 1
1 7.25503e+06 0
2 0 0
0 0 1
1 6.39445e+06 0
3 0 0
0 0 1
1 5.50408e+06 0
4 0 0
0 0 1
1 4.69166e+06 0
5 0 0
0 0 1
1 3.9938e+06 0
6 0 0
0 0 1
1 3.40983e+06 0
7 0 0
0 0 1
1 2.92572e+06 0
8 0 0
0 0 1
1 2.52149e+06 0
9 0 0
0 0 1
1 2.17862e+06 0
10 0 0
0 0 1
1 1.88652e+06 0
11 0 0
0 0 1
1 1.63986e+06 0
12 0 0
0 0 1
1 1.43247e+06 0
13 0 0
0 0 1
1 1.25715e+06 0
14 0 0
0 0 1
1 1.10847e+06 0
15 0 0
0 0 1
1 982343 0
16 0 0
0 0 1
1 874633 0
17 0 0
0 0 1
1 782222 0
18 0 0
0 0 1
1 703548 0
19 0 0
0 0 1
1 636595 0
20 0 0
0 0 1
1 578401 0
21 0 0
0 0 1
1 527477 0
22 0 0
0 0 1
1 484426 0
23 0 0
0 0 1
1 449271 0
24 0 0
0 0 1
1 420456 0
25 0 0
0 0 1
1 397183 0
26 0 0
0 0 1
1 380327 0
27 0 0
0 0 1
1 370199 0
28 0 0
0 0 1
1 365578 0
29 0 0
0 0 1
1 365420 0
30 0 0
0 0 1
1 369128 0
-1 0 0
