91
1 0 0
0 0 1
1 8.6258e+06 0
2 0 0
0 0 1
1 7.44113e+06 0
3 0 0
0 0 1
1 6.24775e+06 0
4 0 0
0 0 1
1 5.18131e+06 0
5 0 0
0 0 1
1 4.27078e+06 0
6 0 0
0 0 1
1 3.51111e+06 0
7 0 0
0 0 1
1 2.8923e+06 0
8 0 0
0 0 1
1 2.39433e+06 0
9 0 0
0 0 1
1 1.99294e+06 0
10 0 0
0 0 1
1 1.67137e+06 0
11 0 0
0 0 1
1 1.41658e+06 0
12 0 0
0 0 1
1 1.21126e+06 0
13 0 0
0 0 1
1 1.03999e+06 0
14 0 0
0 0 1
1 897621 0
15 0 0
0 0 1
1 783351 0
16 0 0
0 0 1
1 691393 0
17 0 0
0 0 1
1 613985 0
18 0 0
0 0 1
1 548523 0
19 0 0
0 0 1
1 495077 0
20 0 0
0 0 1
1 450727 0
21 0 0
0 0 1
1 411965 0
22 0 0
0 0 1
1 379206 0
23 0 0
0 0 1
1 353809 0
24 0 0
0 0 1
1 333651 0
25 0 0
0 0 1
1 316227 0
26 0 0
0 0 1
1 303443 0
27 0 0
0 0 1
1 299067 0
28 0 0
0 0 1
1 303521 0
29 0 0
0 0 1
1 314515 0
30 0 0
0 0 1
1 330397 0
-1 0 0
