91
1 0 0
0 0 1
1 7.94529e+06 0
2 0 0
0 0 1
1 6.9528e+06 0
3 0 0
0 0 1
1 5.89103e+06 0
4 0 0
0 0 1
1 4.80087e+06 0
5 0 0
0 0 1
1 3.79568e+06 0
6 0 0
0 0 1
1 2.98239e+06 0
7 0 0
0 0 1
1 2.37272e+06 0
8 0 0
0 0 1
1 1.91368e+06 0
9 0 0
0 0 1
1 1.5641e+06 0
10 0 0
0 0 1
1 1.30513e+06 0
11 0 0
0 0 1
1 1.10955e+06 0
12 0 0
0 0 1
1 946518 0
13 0 0
0 0 1
1 807037 0
14 0 0
0 0 1
1 696192 0
15 0 0
0 0 1
1 607956 0
16 0 0
0 0 1
1 528941 0
17 0 0
0 0 1
1 458081 0
18 0 0
0 0 1
1 402252 0
19 0 0
0 0 1
1 358732 0
20 0 0
0 0 1
1 319041 0
21 0 0
0 0 1
1 284154 0
22 0 0
0 0 1
1 260300 0
23 0 0
0 0 1
1 244764 0
24 0 0
0 0 1
1 229809 0
25 0 0
0 0 1
1 216113 0
26 0 0
0 0 1
1 209667 0
27 0 0
0 0 1
1 209679 0
28 0 0
0 0 1
1 211220 0
29 0 0
0 0 1
1 215723 0
30 0 0
0 0 1
1 227846 0
-1 0 0
